Iteração =X
Elemento =0
GRAU DO POLINOMIO =3
NUMERO DE NOS =10
Coordenadas Adimensionais dos Nós
0 Xsi[0][0]=0   Xsi[0][1]=0   
1 Xsi[1][0]=0.333333   Xsi[1][1]=0   
2 Xsi[2][0]=0   Xsi[2][1]=0.333333   
3 Xsi[3][0]=0.666667   Xsi[3][1]=0   
4 Xsi[4][0]=0.333333   Xsi[4][1]=0.333333   
5 Xsi[5][0]=0   Xsi[5][1]=0.666667   
6 Xsi[6][0]=1   Xsi[6][1]=0   
7 Xsi[7][0]=0.666667   Xsi[7][1]=0.333333   
8 Xsi[8][0]=0.333333   Xsi[8][1]=0.666667   
9 Xsi[9][0]=0   Xsi[9][1]=1   
Matriz dos Coeficientes das Funcoes de forma
1 0 0 0 0 0 0 0 0 0 
-5.5 9 0 -4.5 0 0 1 0 0 0 
-5.5 0 9 0 0 -4.5 0 0 0 1 
9 -22.5 0 18 0 0 -4.5 0 0 0 
18 -22.5 -22.5 4.5 27 4.5 0 -4.5 -4.5 0 
9 0 -22.5 0 0 18 0 0 0 -4.5 
-4.5 13.5 0 -13.5 0 0 4.5 0 0 0 
-13.5 27 13.5 -13.5 -27 0 0 13.5 0 0 
-13.5 13.5 27 0 -27 -13.5 0 0 13.5 0 
-4.5 0 13.5 0 0 -13.5 0 0 0 4.5 
Matriz dos Coeficientes das Derivadas direcionais das Funcoes de forma
C'0
-5.5 9 0 -4.5 0 0 1 0 0 0 
18 -45 0 36 0 0 -9 0 0 0 
18 -22.5 -22.5 4.5 27 4.5 0 -4.5 -4.5 0 
-13.5 40.5 0 -40.5 0 0 13.5 0 0 0 
-27 54 27 -27 -54 0 0 27 0 0 
-13.5 13.5 27 0 -27 -13.5 0 0 13.5 0 
C'1
-5.5 0 9 0 0 -4.5 0 0 0 1 
18 -22.5 -22.5 4.5 27 4.5 0 -4.5 -4.5 0 
18 0 -45 0 0 36 0 0 0 -9 
-13.5 27 13.5 -13.5 -27 0 0 13.5 0 0 
-27 27 54 0 -54 -27 0 0 27 0 
-13.5 0 40.5 0 0 -40.5 0 0 0 13.5 

Ponto de integracao No. =0
Valores das funcoes de forma no ponto de Integracao atual(PHI) :
0 0 0 0 1 0 0 0 0 0 
Valores das derivadas direcionais das funcoes de forma no ponto de Integracao atual(DPHI):
0.5 -1.5 -1.5 1.5 0 0 -0.5 1.5 0 0 
0.5 -1.5 -1.5 0 0 1.5 0 0 1.5 -0.5 
 X= 
3 3 
 J0= 81
 Y= 
3 3 
Matriz A1= 
9 -2.63789e-13 
-0.005 9 
 J1= 81
 A= 
1 0 
-0.000555556 1 
 C= 
1 -0.000555556 
-0.000555556 1 
 E= 
1.54321e-07 0 -0.000277778 -0.000277778 
 S= 
1.54321e-07 0 -0.000277778 -0.000277778 
 CC= 
1 0 0 0 
0 1 0 0 
0 0 0.5 0.5 
0 0 0.5 0.5 
 fint= -1.54235e-05 -1.54235e-05 4.62706e-05 4.62706e-05 4.62706e-05 4.62706e-05 2.57202e-08 -4.62963e-05 0 0 -4.62963e-05 2.57202e-08 -8.57339e-09 1.54321e-05 2.57202e-08 -4.62963e-05 -4.62963e-05 2.57202e-08 1.54321e-05 -8.57339e-09 
 h= 
0.00462792 0.00154064 -0.0138837 -0.00462191 -0.0138837 -0.00462191 0.00925669 0.00462449 0 0 0.00462706 -2.57202e-06 -0.00308556 -0.0015415 0.00925669 0.00462449 0.00462706 -2.57202e-06 -0.00154235 8.57339e-07 
0.00154064 0.0046262 -0.00462191 -0.0138786 -0.00462191 -0.0138786 -5.14403e-06 0.00462449 0 0 0.00462706 0.00925412 1.71468e-06 -0.0015415 -5.14403e-06 0.00462449 0.00462706 0.00925412 -0.00154235 -0.00308471 
-0.0138837 -0.00462191 0.0416512 0.0138657 0.0416512 0.0138657 -0.0277701 -0.0138735 0 0 -0.0138812 7.71605e-06 0.00925669 0.00462449 -0.0277701 -0.0138735 -0.0138812 7.71605e-06 0.00462706 -2.57202e-06 
-0.00462191 -0.0138786 0.0138657 0.0416358 0.0138657 0.0416358 1.54321e-05 -0.0138735 0 0 -0.0138812 -0.0277623 -5.14403e-06 0.00462449 1.54321e-05 -0.0138735 -0.0138812 -0.0277623 0.00462706 0.00925412 
-0.0138837 -0.00462191 0.0416512 0.0138657 0.0416512 0.0138657 -0.0277701 -0.0138735 0 0 -0.0138812 7.71605e-06 0.00925669 0.00462449 -0.0277701 -0.0138735 -0.0138812 7.71605e-06 0.00462706 -2.57202e-06 
-0.00462191 -0.0138786 0.0138657 0.0416358 0.0138657 0.0416358 1.54321e-05 -0.0138735 0 0 -0.0138812 -0.0277623 -5.14403e-06 0.00462449 1.54321e-05 -0.0138735 -0.0138812 -0.0277623 0.00462706 0.00925412 
0.00925669 -5.14403e-06 -0.0277701 1.54321e-05 -0.0277701 1.54321e-05 0.0277778 -1.54321e-05 0 0 -7.71605e-06 -6.93699e-19 -0.00925926 5.14403e-06 0.0277778 -1.54321e-05 -7.71605e-06 -6.93699e-19 2.57202e-06 2.31233e-19 
0.00462449 0.00462449 -0.0138735 -0.0138735 -0.0138735 -0.0138735 -1.54321e-05 0.0138889 0 0 0.0138889 -1.54321e-05 5.14403e-06 -0.00462963 -1.54321e-05 0.0138889 0.0138889 -1.54321e-05 -0.00462963 5.14403e-06 
0 0 0 0 0 0 0 0 0 0 0 0 0 0 0 0 0 0 0 0 
0 0 0 0 0 0 0 0 0 0 0 0 0 0 0 0 0 0 0 0 
0.00462706 0.00462706 -0.0138812 -0.0138812 -0.0138812 -0.0138812 -7.71605e-06 0.0138889 0 0 0.0138889 -7.71605e-06 2.57202e-06 -0.00462963 -7.71605e-06 0.0138889 0.0138889 -7.71605e-06 -0.00462963 2.57202e-06 
-2.57202e-06 0.00925412 7.71605e-06 -0.0277623 7.71605e-06 -0.0277623 -6.93699e-19 -1.54321e-05 0 0 -7.71605e-06 0.0277778 2.31233e-19 5.14403e-06 -6.93699e-19 -1.54321e-05 -7.71605e-06 0.0277778 2.57202e-06 -0.00925926 
-0.00308556 1.71468e-06 0.00925669 -5.14403e-06 0.00925669 -5.14403e-06 -0.00925926 5.14403e-06 0 0 2.57202e-06 2.31233e-19 0.00308642 -1.71468e-06 -0.00925926 5.14403e-06 2.57202e-06 2.31233e-19 -8.57339e-07 -7.70777e-20 
-0.0015415 -0.0015415 0.00462449 0.00462449 0.00462449 0.00462449 5.14403e-06 -0.00462963 0 0 -0.00462963 5.14403e-06 -1.71468e-06 0.00154321 5.14403e-06 -0.00462963 -0.00462963 5.14403e-06 0.00154321 -1.71468e-06 
0.00925669 -5.14403e-06 -0.0277701 1.54321e-05 -0.0277701 1.54321e-05 0.0277778 -1.54321e-05 0 0 -7.71605e-06 -6.93699e-19 -0.00925926 5.14403e-06 0.0277778 -1.54321e-05 -7.71605e-06 -6.93699e-19 2.57202e-06 2.31233e-19 
0.00462449 0.00462449 -0.0138735 -0.0138735 -0.0138735 -0.0138735 -1.54321e-05 0.0138889 0 0 0.0138889 -1.54321e-05 5.14403e-06 -0.00462963 -1.54321e-05 0.0138889 0.0138889 -1.54321e-05 -0.00462963 5.14403e-06 
0.00462706 0.00462706 -0.0138812 -0.0138812 -0.0138812 -0.0138812 -7.71605e-06 0.0138889 0 0 0.0138889 -7.71605e-06 2.57202e-06 -0.00462963 -7.71605e-06 0.0138889 0.0138889 -7.71605e-06 -0.00462963 2.57202e-06 
-2.57202e-06 0.00925412 7.71605e-06 -0.0277623 7.71605e-06 -0.0277623 -6.93699e-19 -1.54321e-05 0 0 -7.71605e-06 0.0277778 2.31233e-19 5.14403e-06 -6.93699e-19 -1.54321e-05 -7.71605e-06 0.0277778 2.57202e-06 -0.00925926 
-0.00154235 -0.00154235 0.00462706 0.00462706 0.00462706 0.00462706 2.57202e-06 -0.00462963 0 0 -0.00462963 2.57202e-06 -8.57339e-07 0.00154321 2.57202e-06 -0.00462963 -0.00462963 2.57202e-06 0.00154321 -8.57339e-07 
8.57339e-07 -0.00308471 -2.57202e-06 0.00925412 -2.57202e-06 0.00925412 2.31233e-19 5.14403e-06 0 0 2.57202e-06 -0.00925926 -7.70777e-20 -1.71468e-06 2.31233e-19 5.14403e-06 2.57202e-06 -0.00925926 -8.57339e-07 0.00308642 
 ue[0]=7.71605e-08 J0=81 W[i]=0.1125

Ponto de integracao No. =1
Valores das funcoes de forma no ponto de Integracao atual(PHI) :
-0.0568817 0.0518521 0.408231 -0.103704 0.356379 0.408231 0.0446272 -0.103704 0.0518521 -0.0568817 
Valores das derivadas direcionais das funcoes de forma no ponto de Integracao atual(DPHI):
0.247326 0.379012 -3.85227 -1.13704 5.20988 -0.868314 0.510698 -1.35762 0.868314 0 
0.247326 -0.489302 -2.98395 0.220581 0 2.98395 0 -0.220581 0.489302 -0.247326 
 X= 
0.537443 4.23128 
 J0= 81
 Y= 
0.537443 4.23172 
Matriz A1= 
9 5.06262e-14 
0.00510698 9 
 J1= 81
 A= 
1 0 
0.000567442 1 
 C= 
1 0.000567442 
0.000567442 1 
 E= 
1.60995e-07 0 0.000283721 0.000283721 
 S= 
1.60995e-07 0 0.000283721 0.000283721 
 CC= 
1 0 0 0 
0 1 0 0 
0 0 0.5 0.5 
0 0 0.5 0.5 
 fint= 7.80125e-06 7.80126e-06 -1.54183e-05 1.19394e-05 -9.41367e-05 -0.000121494 6.93337e-06 -3.58406e-05 9.31963e-08 0.000164239 9.40523e-05 -2.73198e-05 9.13555e-09 1.60995e-05 -6.97799e-06 -4.28022e-05 1.54406e-05 2.7382e-05 -7.79683e-06 -4.42425e-09 
 h= 
0.0011332 0.000378235 0.000410162 0.00057887 -0.016324 -0.00589052 -0.00313586 -0.00173769 0.0159124 0.00796296 0.00190613 -0.00132457 0.00155981 0.000780568 -0.00448347 -0.00207522 0.0033995 0.00132758 -0.000377806 -2.14262e-07 
0.000378235 0.00113363 -0.000746785 -0.000915589 -0.00456486 -0.0150043 0.000334982 -0.00106398 9.02679e-06 0.00796297 0.00455668 0.00778922 8.8485e-07 0.000780569 -0.000339304 -0.00274893 0.000748946 0.00282204 -0.000377806 -0.000755613 
0.000410162 -0.000746785 0.00325004 -0.00114292 -0.00901004 0.0116302 -0.00598436 0.00343088 0.0243689 -0.015722 -0.0130702 0.00261522 0.00238876 -0.00154115 -0.00568423 0.00409729 0.00258426 -0.00262117 0.000746689 4.23889e-07 
0.00057887 -0.000915589 -0.00114292 0.00383989 -0.00698631 0.00901796 0.000512669 -0.00398818 1.3833e-05 0.0121711 0.00697377 -0.020046 1.35598e-06 0.00119307 -0.000519292 -0.00183971 0.00114623 -0.000925947 -0.000578214 0.00149338 
-0.016324 -0.00456486 -0.00901004 -0.00698631 0.238253 0.0710918 0.050022 0.020972 -0.247831 -0.0961038 -0.013698 0.0159861 -0.0242935 -0.00942056 0.0686468 0.0250455 -0.0503244 -0.0160224 0.00455894 2.58504e-06 
-0.00589052 -0.0150043 0.0116302 0.00901796 0.0710918 0.201691 -0.0052169 0.0189299 -0.000140599 -0.123997 -0.0709644 -0.08934 -1.37822e-05 -0.0121548 0.00528422 0.0404436 -0.0116639 -0.0387047 0.00588384 0.00911788 
-0.00313586 0.000334982 -0.00598436 0.000512669 0.050022 -0.0052169 0.0162597 -0.00153897 -0.0731296 0.00705232 0.0162394 -0.00117308 -0.00716851 0.000691303 0.018757 -0.0018379 -0.011524 0.00117577 -0.000335776 -1.91092e-07 
-0.00173769 -0.00106398 0.00343088 -0.00398818 0.020972 0.0189299 -0.00153897 0.00857773 -4.14991e-05 -0.0365588 -0.0209344 0.0141953 -4.06794e-06 -0.00358367 0.00155884 0.00892773 -0.00344082 -0.00476455 0.00173572 -0.000671551 
0.0159124 9.02679e-06 0.0243689 1.3833e-05 -0.247831 -0.000140599 -0.0731296 -4.14991e-05 0.335097 0.000190148 -0.0557951 -3.16914e-05 0.0328479 1.86393e-05 -0.0873253 -4.95497e-05 0.0558585 3.16914e-05 -4.5134e-06 2.00435e-20 
0.00796296 0.00796297 -0.015722 0.0121711 -0.0961038 -0.123997 0.00705232 -0.0365588 0.000190148 0.167549 0.0959316 -0.0278159 1.86393e-05 0.0164239 -0.00714337 -0.0436687 0.0157675 0.0279427 -0.00795393 -9.02679e-06 
0.00190613 0.00455668 -0.0130702 0.00697377 -0.013698 -0.0709644 0.0162394 -0.0209344 -0.0557951 0.0959316 0.0642529 -0.0159574 -0.00546931 0.00940368 0.010477 -0.0250006 -0.00028799 0.0159937 -0.00455485 -2.58504e-06 
-0.00132457 0.00778922 0.00261522 -0.020046 0.0159861 -0.08934 -0.00117308 0.0141953 -3.16914e-05 -0.0278159 -0.0159574 0.114543 -3.10654e-06 -0.00272665 0.00118826 -0.000876217 -0.00262281 0.0133864 0.00132307 -0.0091097 
0.00155981 8.8485e-07 0.00238876 1.35598e-06 -0.0242935 -1.37822e-05 -0.00716851 -4.06794e-06 0.0328479 1.86393e-05 -0.00546931 -3.10654e-06 0.00321991 1.82711e-06 -0.00856005 -4.85711e-06 0.00547552 3.10654e-06 -4.42425e-07 1.96476e-21 
0.000780568 0.000780569 -0.00154115 0.00119307 -0.00942056 -0.0121548 0.000691303 -0.00358367 1.86393e-05 0.0164239 0.00940368 -0.00272665 1.82711e-06 0.00160995 -0.000700228 -0.00428062 0.00154561 0.00273907 -0.000779683 -8.8485e-07 
-0.00448347 -0.000339304 -0.00568423 -0.000519292 0.0686468 0.00528422 0.018757 0.00155884 -0.0873253 -0.00714337 0.010477 0.00118826 -0.00856005 -0.000700228 0.023057 0.00186162 -0.0152228 -0.00119094 0.000337937 1.91092e-07 
-0.00207522 -0.00274893 0.00409729 -0.00183971 0.0250455 0.0404436 -0.0018379 0.00892773 -4.95497e-05 -0.0436687 -0.0250006 -0.000876217 -4.85711e-06 -0.00428062 0.00186162 0.0119822 -0.00410916 -0.00861525 0.00207286 0.000675874 
0.0033995 0.000748946 0.00258426 0.00114623 -0.0503244 -0.0116639 -0.011524 -0.00344082 0.0558585 0.0157675 -0.00028799 -0.00262281 0.00547552 0.00154561 -0.0152228 -0.00410916 0.0107891 0.00262876 -0.00074777 -4.23889e-07 
0.00132758 0.00282204 -0.00262117 -0.000925947 -0.0160224 -0.0387047 0.00117577 -0.00476455 3.16914e-05 0.0279427 0.0159937 0.0133864 3.10654e-06 0.00273907 -0.00119094 -0.00861525 0.00262876 0.00761585 -0.00132608 -0.00149554 
-0.000377806 -0.000377806 0.000746689 -0.000578214 0.00455894 0.00588384 -0.000335776 0.00173572 -4.5134e-06 -0.00795393 -0.00455485 0.00132307 -4.42425e-07 -0.000779683 0.000337937 0.00207286 -0.00074777 -0.00132608 0.000377592 2.14262e-07 
-2.14262e-07 -0.000755613 4.23889e-07 0.00149338 2.58504e-06 0.00911788 -1.91092e-07 -0.000671551 2.00435e-20 -9.02679e-06 -2.58504e-06 -0.0091097 1.96476e-21 -8.8485e-07 1.91092e-07 0.000675874 -4.23889e-07 -0.00149554 2.14262e-07 0.000755184 
 ue[1]=8.04977e-08 J0=81 W[i]=0.0661971

Ponto de integracao No. =2
Valores das funcoes de forma no ponto de Integracao atual(PHI) :
0.0446272 -0.103704 -0.103704 0.0518521 0.356379 0.0518521 -0.0568817 0.408231 0.408231 -0.0568817 
Valores das derivadas direcionais das funcoes de forma no ponto de Integracao atual(DPHI):
-0.510698 1.13704 1.35762 -0.379012 -5.20988 -0.868314 -0.247326 3.85227 0.868314 0 
-0.510698 1.35762 1.13704 -0.868314 -5.20988 -0.379012 0 0.868314 3.85227 -0.247326 
 X= 
4.23128 4.23128 
 J0= 81
 Y= 
4.23128 4.23071 
Matriz A1= 
9 1.77636e-14 
-0.00247326 9 
 J1= 81
 A= 
1 0 
-0.000274806 1 
 C= 
1 -0.000274806 
-0.000274806 1 
 E= 
3.77592e-08 0 -0.000137403 -0.000137403 
 S= 
3.77592e-08 0 -0.000137403 -0.000137403 
 CC= 
1 0 0 0 
0 1 0 0 
0 0 0.5 0.5 
0 0 0.5 0.5 
 fint= 7.79469e-06 7.79469e-06 -2.0722e-05 -1.73534e-05 -1.73534e-05 -2.0722e-05 1.3255e-05 5.78273e-06 7.95175e-05 7.95175e-05 5.78273e-06 1.3255e-05 -1.03765e-09 3.77592e-06 -1.32404e-05 -5.88089e-05 -5.88089e-05 -1.32404e-05 3.77592e-06 -1.03765e-09 
 h= 
0.00482897 0.00160863 -0.0114466 -0.00358131 -0.0121419 -0.00427649 0.00512588 0.00119341 0.0492628 0.0164104 0.00666838 0.00273549 0.00155915 0.000779254 -0.0270214 -0.0121367 -0.0176147 -0.00273248 0.000779469 -2.14262e-07 
0.00160863 0.00482809 -0.00427668 -0.0121398 -0.00358112 -0.0114444 0.00273591 0.0066673 0.0164104 0.0492537 0.00119299 0.0051248 -4.28523e-07 0.000779255 -0.00272989 -0.0176106 -0.0121393 -0.0270174 0.000779469 0.00155894 
-0.0114466 -0.00427668 0.0273332 0.00952123 0.0285809 0.0113694 -0.0125946 -0.00317279 -0.116772 -0.0436285 -0.0153624 -0.00727255 -0.00347126 -0.00207172 0.0613423 0.0322665 0.0444628 0.00726455 -0.0020722 5.69583e-07 
-0.00358131 -0.0121398 0.00952123 0.0307247 0.00797269 0.0285756 -0.006091 -0.0172086 -0.0365347 -0.123844 -0.00265596 -0.0124415 9.54079e-07 -0.00173477 0.0060776 0.0415705 0.0270258 0.0706423 -0.00173534 -0.00414439 
-0.0121419 -0.00358112 0.0285809 0.00797269 0.0307299 0.0095203 -0.0124442 -0.00265676 -0.123866 -0.0365327 -0.0172112 -0.00608973 -0.00414487 -0.00173477 0.0706517 0.0270186 0.041581 0.00608304 -0.00173534 4.77039e-07 
-0.00427649 -0.0114444 0.0113694 0.0285756 0.0095203 0.0273279 -0.00727335 -0.0153597 -0.0436266 -0.11675 -0.00317152 -0.012592 1.13917e-06 -0.00207172 0.00725735 0.0444534 0.0322719 0.0613318 -0.0020722 -0.00347069 
0.00512588 0.00273591 -0.0125946 -0.006091 -0.0124442 -0.00727335 0.00642647 0.00202972 0.0522916 0.0279104 0.00609294 0.00465245 0.00115691 0.00132534 -0.0226733 -0.0206418 -0.0247072 -0.00464734 0.0013255 -3.64298e-07 
0.00119341 0.0066673 -0.00317279 -0.0172086 -0.00265676 -0.0153597 0.00202972 0.0101928 0.0121746 0.0680164 0.000885053 0.00609142 -3.18026e-07 0.000577909 -0.00202526 -0.0183085 -0.00900589 -0.04332 0.000578273 0.00265099 
0.0492628 0.0164104 -0.116772 -0.0365347 -0.123866 -0.0436266 0.0522916 0.0121746 0.502554 0.16741 0.0680275 0.0279061 0.0159057 0.00794956 -0.275659 -0.123812 -0.179696 -0.0278754 0.00795175 -2.18579e-06 
0.0164104 0.0492537 -0.0436285 -0.123844 -0.0365327 -0.11675 0.0279104 0.0680164 0.16741 0.502462 0.0121702 0.0522806 -4.37158e-06 0.00794956 -0.027849 -0.179654 -0.123839 -0.275617 0.00795175 0.0159035 
0.00666838 0.00119299 -0.0153624 -0.00265596 -0.0172112 -0.00317152 0.00609294 0.000885053 0.0680275 0.0121702 0.0101939 0.00202869 0.00265115 0.000577909 -0.0433237 -0.00900077 -0.0183147 -0.00202645 0.000578273 -1.59013e-07 
0.00273549 0.0051248 -0.00727255 -0.0124415 -0.00608973 -0.012592 0.00465245 0.00609142 0.0279061 0.0522806 0.00202869 0.00642535 -7.28596e-07 0.00132534 -0.00464222 -0.0247035 -0.020643 -0.022667 0.0013255 0.00115655 
0.00155915 -4.28523e-07 -0.00347126 9.54079e-07 -0.00414487 1.13917e-06 0.00115691 -3.18026e-07 0.0159057 -4.37158e-06 0.00265115 -7.28596e-07 0.000755184 -2.07529e-07 -0.0117622 3.23241e-06 -0.00264969 7.28596e-07 -1.03765e-07 8.19213e-23 
0.000779254 0.000779255 -0.00207172 -0.00173477 -0.00173477 -0.00207172 0.00132534 0.000577909 0.00794956 0.00794956 0.000577909 0.00132534 -2.07529e-07 0.000377592 -0.00132242 -0.00588053 -0.00588053 -0.00132242 0.000377592 -2.07529e-07 
-0.0270214 -0.00272989 0.0613423 0.0060776 0.0706517 0.00725735 -0.0226733 -0.00202526 -0.275659 -0.027849 -0.0433237 -0.00464222 -0.0117622 -0.00132242 0.187852 0.0205964 0.0619176 0.00463711 -0.00132404 3.64298e-07 
-0.0121367 -0.0176106 0.0322665 0.0415705 0.0270186 0.0444534 -0.0206418 -0.0183085 -0.123812 -0.179654 -0.00900077 -0.0247035 3.23241e-06 -0.00588053 0.0205964 0.10089 0.0915877 0.0618911 -0.00588089 -0.00264808 
-0.0176147 -0.0121393 0.0444628 0.0270258 0.041581 0.0322719 -0.0247072 -0.00900589 -0.179696 -0.123839 -0.0183147 -0.020643 -0.00264969 -0.00588053 0.0619176 0.0915877 0.100902 0.0206203 -0.00588089 1.61621e-06 
-0.00273248 -0.0270174 0.00726455 0.0706423 0.00608304 0.0613318 -0.00464734 -0.04332 -0.0278754 -0.275617 -0.00202645 -0.022667 7.28596e-07 -0.00132242 0.00463711 0.0618911 0.0206203 0.187841 -0.00132404 -0.0117618 
0.000779469 0.000779469 -0.0020722 -0.00173534 -0.00173534 -0.0020722 0.0013255 0.000578273 0.00795175 0.00795175 0.000578273 0.0013255 -1.03765e-07 0.000377592 -0.00132404 -0.00588089 -0.00588089 -0.00132404 0.000377592 -1.03765e-07 
-2.14262e-07 0.00155894 5.69583e-07 -0.00414439 4.77039e-07 -0.00347069 -3.64298e-07 0.00265099 -2.18579e-06 0.0159035 -1.59013e-07 0.00115655 8.19213e-23 -2.07529e-07 3.64298e-07 -0.00264808 1.61621e-06 -0.0117618 -1.03765e-07 0.000755184 
 ue[2]=1.88796e-08 J0=81 W[i]=0.0661971

Ponto de integracao No. =3
Valores das funcoes de forma no ponto de Integracao atual(PHI) :
-0.0568817 0.408231 0.0518521 0.408231 0.356379 -0.103704 -0.0568817 0.0518521 -0.103704 0.0446272 
Valores das derivadas direcionais das funcoes de forma no ponto de Integracao atual(DPHI):
0.247326 -2.98395 -0.489302 2.98395 0 0.220581 -0.247326 0.489302 -0.220581 0 
0.247326 -3.85227 0.379012 -0.868314 5.20988 -1.13704 0 0.868314 -1.35762 0.510698 
 X= 
4.23128 0.537443 
 J0= 81
 Y= 
4.23128 0.536874 
Matriz A1= 
9 5.32907e-15 
-0.00247326 9 
 J1= 81
 A= 
1 0 
-0.000274806 1 
 C= 
1 -0.000274806 
-0.000274806 1 
 E= 
3.77592e-08 0 -0.000137403 -0.000137403 
 S= 
3.77592e-08 0 -0.000137403 -0.000137403 
 CC= 
1 0 0 0 
0 1 0 0 
0 0 0.5 0.5 
0 0 0.5 0.5 
 fint= -3.77488e-06 -3.77488e-06 5.88001e-05 4.55399e-05 -5.78843e-06 7.47177e-06 1.32691e-05 -4.55597e-05 -7.95393e-05 2.18579e-08 1.736e-05 -3.37238e-06 -1.03765e-09 3.77592e-06 -1.32545e-05 -7.46654e-06 2.07258e-05 3.36191e-06 -7.79683e-06 2.14262e-09 
 h= 
0.00113257 0.000377281 -0.0149896 -0.00455148 -0.000915352 -0.000746766 0.00778466 0.00455346 0.00795175 -2.18579e-06 -0.00106201 0.000337053 -0.00075508 -0.000377384 0.00281912 0.000746243 -0.00274553 -0.000336006 0.000779469 -2.14262e-07 
0.000377281 0.00113236 -0.00587714 -0.0163124 0.000578889 0.00041035 -0.00132779 0.00190252 0.00795175 0.0159035 -0.00173562 -0.0031343 2.07529e-07 -0.000377385 0.00132488 0.00339719 -0.00207192 -0.00448078 0.000779469 0.00155894 
-0.0149896 -0.00587714 0.201491 0.0709013 0.0090114 0.0116328 -0.0892625 -0.0709322 -0.123862 3.40452e-05 0.0189078 -0.00525048 0.00910959 0.00587875 -0.0386658 -0.0116247 0.040401 0.00523418 -0.0121415 3.33727e-06 
-0.00455148 -0.0163124 0.0709013 0.238094 -0.00698367 -0.00901524 0.0160184 -0.0136366 -0.0959292 -0.247723 0.0209384 0.0500045 -2.50382e-06 0.00455237 -0.0159832 -0.0502935 0.0249955 0.068613 -0.00940345 -0.024283 
-0.000915352 0.000578889 0.0090114 -0.00698367 0.00384312 -0.00114582 -0.0200595 0.0069867 0.0121933 -3.34959e-06 -0.00399374 0.000517163 0.00149419 -0.000579048 -0.000923865 0.00114501 -0.00184476 -0.000515559 0.00119524 -3.28343e-07 
-0.000746766 0.00041035 0.0116328 -0.00901524 -0.00114582 0.00325259 0.00262815 -0.0130809 -0.0157392 0.0243865 0.00343538 -0.00598878 -4.1057e-07 0.000747336 -0.00262239 0.00258591 0.00410103 -0.00568823 -0.00154283 0.00239048 
0.00778466 -0.00132779 -0.0892625 0.0160184 -0.0200595 0.00262815 0.114589 -0.0160254 -0.0279511 7.6739e-06 0.0142265 -0.00118621 -0.00911157 0.00132816 0.0133676 -0.00262631 -0.000842638 0.00118254 -0.00273991 7.52233e-07 
0.00455346 0.00190252 -0.0709322 -0.0136366 0.0069867 -0.0130809 -0.0160254 0.0642887 0.0959709 -0.0559023 -0.0209475 0.0162641 2.50382e-06 -0.00455633 0.0159902 -0.000302923 -0.0250063 0.0105037 0.00940753 -0.00547981 
0.00795175 0.00795175 -0.123862 -0.0959292 0.0121933 -0.0157392 -0.0279511 0.0959709 0.167549 -4.60434e-05 -0.0365687 0.00710387 2.18579e-06 -0.00795393 0.0279204 0.0157282 -0.0436587 -0.00708182 0.0164239 -4.5134e-06 
-2.18579e-06 0.0159035 3.40452e-05 -0.247723 -3.34959e-06 0.0243865 7.6739e-06 -0.0559023 -4.60434e-05 0.335097 1.00488e-05 -0.0731375 -2.45907e-20 4.37158e-06 -7.6739e-06 0.0558409 1.19982e-05 -0.0873173 -4.5134e-06 0.0328479 
-0.00106201 -0.00173562 0.0189078 0.0209384 -0.00399374 0.00343538 0.0142265 -0.0209475 -0.0365687 1.00488e-05 0.00858209 -0.00155056 -0.000673998 0.0017361 -0.00476137 -0.00343297 0.00892814 0.00154574 -0.00358465 9.8503e-07 
0.000337053 -0.0031343 -0.00525048 0.0500045 0.000517163 -0.00598878 -0.00118621 0.0162641 0.00710387 -0.0731375 -0.00155056 0.0162631 1.85088e-07 -0.000337715 0.00118361 -0.0115215 -0.001851 0.0187573 0.000696356 -0.00716929 
-0.00075508 2.07529e-07 0.00910959 -2.50382e-06 0.00149419 -4.1057e-07 -0.00911157 2.50382e-06 2.18579e-06 -2.45907e-20 -0.000673998 1.85088e-07 0.000755184 -2.07529e-07 -0.00149367 4.1057e-07 0.000672952 -1.85088e-07 2.14262e-07 -2.4105e-21 
-0.000377384 -0.000377385 0.00587875 0.00455237 -0.000579048 0.000747336 0.00132816 -0.00455633 -0.00795393 4.37158e-06 0.0017361 -0.000337715 -2.07529e-07 0.000377592 -0.00132524 -0.000746289 0.00207249 0.000335621 -0.000779683 4.28523e-07 
0.00281912 0.00132488 -0.0386658 -0.0159832 -0.000923865 -0.00262239 0.0133676 0.0159902 0.0279204 -7.6739e-06 -0.00476137 0.00118361 -0.00149367 -0.00132524 0.00760845 0.00262055 -0.00860779 -0.00117994 0.0027369 -7.52233e-07 
0.000746243 0.00339719 -0.0116247 -0.0502935 0.00114501 0.00258591 -0.00262631 -0.000302923 0.0157282 0.0558409 -0.00343297 -0.0115215 4.1057e-07 -0.000746289 0.00262055 0.0107833 -0.00409815 -0.0152169 0.00154175 0.0054738 
-0.00274553 -0.00207192 0.040401 0.0249955 -0.00184476 0.00410103 -0.000842638 -0.0250063 -0.0436587 1.19982e-05 0.00892814 -0.001851 0.000672952 0.00207249 -0.00860779 -0.00409815 0.011977 0.00184525 -0.00427963 1.17612e-06 
-0.000336006 -0.00448078 0.00523418 0.068613 -0.000515559 -0.00568823 0.00118254 0.0105037 -0.00708182 -0.0873173 0.00154574 0.0187573 -1.85088e-07 0.000335621 -0.00117994 -0.0152169 0.00184525 0.0230529 -0.000694195 -0.00855927 
0.000779469 0.000779469 -0.0121415 -0.00940345 0.00119524 -0.00154283 -0.00273991 0.00940753 0.0164239 -4.5134e-06 -0.00358465 0.000696356 2.14262e-07 -0.000779683 0.0027369 0.00154175 -0.00427963 -0.000694195 0.00160995 -4.42425e-07 
-2.14262e-07 0.00155894 3.33727e-06 -0.024283 -3.28343e-07 0.00239048 7.52233e-07 -0.00547981 -4.5134e-06 0.0328479 9.8503e-07 -0.00716929 -2.4105e-21 4.28523e-07 -7.52233e-07 0.0054738 1.17612e-06 -0.00855927 -4.42425e-07 0.00321991 
 ue[3]=1.88796e-08 J0=81 W[i]=0.0661971

Ponto de integracao No. =4
Valores das funcoes de forma no ponto de Integracao atual(PHI) :
0.0597971 -0.253018 -0.0321375 0.506037 0.220881 -0.0321375 0.217763 0.506037 -0.253018 0.0597971 
Valores das derivadas direcionais das funcoes de forma no ponto de Integracao atual(DPHI):
-0.226917 1.09038 0.178797 -3.27113 -1.90376 0.317293 2.40767 1.72496 -0.317293 0 
-0.226917 1.40767 -0.138496 -4.99609 0 0.138496 0 4.99609 -1.40767 0.226917 
 X= 
7.17684 0.911579 
 J0= 81
 Y= 
7.17684 0.913756 
Matriz A1= 
9 6.66134e-13 
0.0240767 9 
 J1= 81
 A= 
1 0 
0.00267519 1 
 C= 
1.00001 0.00267519 
0.00267519 1 
 E= 
3.57832e-06 -2.22045e-16 0.00133759 0.00133759 
 S= 
3.57832e-06 -2.22045e-16 0.00133759 0.00133759 
 CC= 
1 0 0 0 
0 1 0 0 
0 0 0.5 0.5 
0 0 0.5 0.5 
 fint= -3.3815e-05 -3.38153e-05 0.000209644 0.000162614 -2.05124e-05 2.65183e-05 -0.000743827 -0.00048815 -7.56917e-07 -0.000282942 2.07096e-05 4.7212e-05 9.57267e-07 0.000357834 0.000743213 0.000258355 -0.000209336 -4.77167e-05 3.37248e-05 9.02202e-08 
 h= 
0.000955249 0.0003204 -0.00503576 -0.00154076 -0.00030705 -0.000251267 0.0161931 0.00462519 0.00534044 0.00268091 -0.00108459 -0.000447337 -0.00675401 -0.00339053 -0.0118557 -0.00244785 0.0028671 0.000452093 -0.000318699 -8.50305e-07 
0.0003204 0.000956956 -0.0019852 -0.0054896 0.000193174 0.000137237 0.00704138 0.0186403 1.42675e-05 0.00268097 -0.000196891 -0.000835857 -1.8044e-05 -0.0033906 -0.0070298 -0.016463 0.00197941 0.00440091 -0.000318699 -0.0006374 
-0.00503576 -0.0019852 0.0269605 0.00954661 0.00120511 0.00155685 -0.0876128 -0.0286578 -0.0256717 -0.0166109 0.00548454 0.00277171 0.0324668 0.0210077 0.0667632 0.015167 -0.0165356 -0.00280121 0.00197584 5.27482e-06 
-0.00154076 -0.0054896 0.00954661 0.031904 -0.000928957 -0.00120009 -0.0338612 -0.109175 -6.8558e-05 -0.0129025 0.000946822 0.00456227 8.67047e-05 0.0163176 0.0338055 0.0986961 -0.00951877 -0.0266646 0.00153259 0.0039517 
-0.00030705 0.000193174 0.00120511 -0.000928957 0.000512259 -0.000151484 -0.00295668 0.00278864 -0.00419798 0.00161631 0.00058167 -0.000269701 0.00530914 -0.00204413 -0.000452762 -0.00147593 0.000499616 0.000272604 -0.000193325 -5.18972e-07 
-0.000251267 0.000137237 0.00155685 -0.00120009 -0.000151484 0.00043251 -0.00552202 0.00491755 -1.1242e-05 -0.00209249 0.000154413 0.000112762 1.42176e-05 0.00264636 0.00551289 -0.006617 -0.00155228 0.00204982 0.000249927 -0.000386651 
0.0161931 0.00704138 -0.0876128 -0.0338612 -0.00295668 -0.00552202 0.286722 0.101647 0.0770394 0.0589178 -0.0171186 -0.00983105 -0.097431 -0.0745128 -0.224154 -0.0537965 0.0563286 0.00993576 -0.0070104 -1.87214e-05 
0.00462519 0.0186403 -0.0286578 -0.109175 0.00278864 0.00491755 0.101647 0.375293 0.000205674 0.038756 -0.00284224 -0.0150168 -0.000260114 -0.0490143 -0.10148 -0.343816 0.0285743 0.093437 -0.00460067 -0.0140209 
0.00534044 1.42675e-05 -0.0256717 -6.8558e-05 -0.00419798 -1.1242e-05 0.0770394 0.000205674 0.0447446 0.0001197 -0.00746179 -1.995e-05 -0.0565882 -0.000151383 -0.0406994 -0.000108458 0.00750169 1.995e-05 -7.13377e-06 5.26597e-19 
0.00268091 0.00268097 -0.0166109 -0.0129025 0.00161631 -0.00209249 0.0589178 0.038756 0.0001197 0.0223727 -0.0016475 -0.00373749 -0.000151383 -0.0282946 -0.0588206 -0.0205857 0.0165623 0.00381729 -0.00266664 -1.42675e-05 
-0.00108459 -0.000196891 0.00548454 0.000946822 0.00058167 0.000154413 -0.0171186 -0.00284224 -0.00746179 -0.0016475 0.00136276 0.0002749 0.00943687 0.00208358 0.0110584 0.0015042 -0.00245444 -0.000277803 0.000195184 5.18972e-07 
-0.000447337 -0.000835857 0.00277171 0.00456227 -0.000269701 0.000112762 -0.00983105 -0.0150168 -1.995e-05 -0.00373749 0.0002749 0.000861172 2.52306e-05 0.00472678 0.00981485 0.0119813 -0.00276361 -0.00304455 0.00044496 0.000390369 
-0.00675401 -1.8044e-05 0.0324668 8.67047e-05 0.00530914 1.42176e-05 -0.097431 -0.000260114 -0.0565882 -0.000151383 0.00943687 2.52306e-05 0.0715666 0.000191453 0.0514722 0.000137166 -0.00948733 -2.52306e-05 9.02202e-06 -6.65983e-19 
-0.00339053 -0.0033906 0.0210077 0.0163176 -0.00204413 0.00264636 -0.0745128 -0.0490143 -0.000151383 -0.0282946 0.00208358 0.00472678 0.000191453 0.0357839 0.0743899 0.0260345 -0.0209462 -0.0048277 0.00337248 1.8044e-05 
-0.0118557 -0.0070298 0.0667632 0.0338055 -0.000452762 0.00551289 -0.224154 -0.10148 -0.0406994 -0.0588206 0.0110584 0.00981485 0.0514722 0.0743899 0.191099 0.0537084 -0.0502359 -0.00991956 0.00700461 1.87214e-05 
-0.00244785 -0.016463 0.015167 0.0986961 -0.00147593 -0.006617 -0.0537965 -0.343816 -0.000108458 -0.0205857 0.0015042 0.0119813 0.000137166 0.0260345 0.0537084 0.327098 -0.015123 -0.0903367 0.00243492 0.0140093 
0.0028671 0.00197941 -0.0165356 -0.00951877 0.000499616 -0.00155228 0.0563286 0.0285743 0.00750169 0.0165623 -0.00245444 -0.00276361 -0.00948733 -0.0209462 -0.0502359 -0.015123 0.0134893 0.00279311 -0.00197295 -5.27482e-06 
0.000452093 0.00440091 -0.00280121 -0.0266646 0.000272604 0.00204982 0.00993576 0.093437 1.995e-05 0.00381729 -0.000277803 -0.00304455 -2.52306e-05 -0.0048277 -0.00991956 -0.0903367 0.00279311 0.0251144 -0.000449715 -0.00394591 
-0.000318699 -0.000318699 0.00197584 0.00153259 -0.000193325 0.000249927 -0.0070104 -0.00460067 -7.13377e-06 -0.00266664 0.000195184 0.00044496 9.02202e-06 0.00337248 0.00700461 0.00243492 -0.00197295 -0.000449715 0.000317849 8.50305e-07 
-8.50305e-07 -0.0006374 5.27482e-06 0.0039517 -5.18972e-07 -0.000386651 -1.87214e-05 -0.0140209 5.26597e-19 -1.42675e-05 5.18972e-07 0.000390369 -6.65983e-19 1.8044e-05 1.87214e-05 0.0140093 -5.27482e-06 -0.00394591 8.50305e-07 0.0006357 
 ue[4]=1.78916e-06 J0=81 W[i]=0.0629696

Ponto de integracao No. =5
Valores das funcoes de forma no ponto de Integracao atual(PHI) :
0.217763 0.506037 0.506037 -0.253018 0.220881 -0.253018 0.0597971 -0.0321375 -0.0321375 0.0597971 
Valores das derivadas direcionais das funcoes de forma no ponto de Integracao atual(DPHI):
-2.40767 3.27113 -1.72496 -1.09038 1.90376 0.317293 0.226917 -0.178797 -0.317293 0 
-2.40767 -1.72496 3.27113 0.317293 1.90376 -1.09038 0 -0.317293 -0.178797 0.226917 
 X= 
0.911579 0.911579 
 J0= 81
 Y= 
0.911579 0.912177 
Matriz A1= 
9 -1.11022e-15 
0.00226917 9 
 J1= 81
 A= 
1 0 
0.00025213 1 
 C= 
1 0.00025213 
0.00025213 1 
 E= 
3.17849e-08 0 0.000126065 0.000126065 
 S= 
3.17849e-08 0 0.000126065 0.000126065 
 CC= 
1 0 0 0 
0 1 0 0 
0 0 0.5 0.5 
0 0 0.5 0.5 
 fint= -3.37333e-05 -3.37333e-05 -2.41504e-05 4.58134e-05 4.58134e-05 -2.41504e-05 4.44055e-06 -1.5272e-05 2.66732e-05 2.66732e-05 -1.5272e-05 4.44055e-06 8.01393e-10 3.17849e-06 -4.44504e-06 -2.50558e-06 -2.50558e-06 -4.44504e-06 3.17849e-06 8.01393e-10 
 h= 
0.107368 0.0358102 -0.0716012 -0.0486341 0.00265152 0.0256373 0.0276979 0.0162123 -0.0848962 -0.0283154 0.00677691 -0.00471396 -0.00674581 -0.00337418 0.0100322 0.00265984 0.0120905 0.00471871 -0.00337333 -8.50305e-07 
0.0358102 0.107386 0.0256186 0.00264572 -0.0486153 -0.071607 -0.00470868 0.00677981 -0.0283154 -0.0849105 0.016207 0.0277008 -1.70061e-06 -0.00337418 0.00471819 0.0120924 0.00266036 0.010034 -0.00337333 -0.00674666 
-0.0716012 0.0256186 0.150452 -0.0347928 -0.104471 0.0183409 -0.047408 0.0115983 0.0566155 -0.0202568 0.0244175 -0.00337236 0.00916329 -0.00241389 -0.00384323 0.00190285 -0.0109099 0.00337576 -0.00241504 -6.09197e-07 
-0.0486341 0.00264572 -0.0347928 0.102751 0.0660248 -0.10445 0.00639488 -0.028765 0.0384553 -0.00209199 -0.0220109 0.0296145 2.3105e-06 0.00458073 -0.0064078 0.00314445 -0.00361306 -0.00259931 0.00458134 -0.00483008 
0.00265152 -0.0486153 -0.104471 0.0660248 0.102768 -0.0348048 0.0296209 -0.0220096 -0.00209658 0.0384405 -0.0287695 0.00639958 -0.00483124 0.00458073 -0.00259925 -0.00361096 0.00314559 -0.00640604 0.00458134 1.15525e-06 
0.0256373 -0.071607 0.0183409 -0.10445 -0.0348048 0.150434 -0.00337104 0.0244111 -0.0202716 0.0566201 0.011603 -0.0474035 -1.21839e-06 -0.00241389 0.00337786 -0.01091 0.00190461 -0.00384437 -0.00241504 0.00916268 
0.0276979 -0.00470868 -0.047408 0.00639488 0.0296209 -0.00337104 0.0152984 -0.00213175 -0.0219009 0.00372319 -0.00640483 0.000619836 -0.00305452 0.00044367 0.00178587 -0.000349743 0.00392118 -0.000620463 0.000444055 1.12057e-07 
0.0162123 0.00677981 0.0115983 -0.028765 -0.0220096 0.0244111 -0.00213175 0.00857976 -0.0128192 -0.00536084 0.0073374 -0.00640282 -7.70166e-07 -0.00152709 0.00213606 -3.85668e-05 0.00120442 0.00143552 -0.0015272 0.000888111 
-0.0848962 -0.0283154 0.0566155 0.0384553 -0.00209658 -0.0202716 -0.0219009 -0.0128192 0.067128 0.0223892 -0.00535855 0.00372736 0.00533396 0.00266799 -0.00793249 -0.00210316 -0.00956004 -0.00373112 0.00266732 6.72342e-07 
-0.0283154 -0.0849105 -0.0202568 -0.00209199 0.0384405 0.0566201 0.00372319 -0.00536084 0.0223892 0.0671393 -0.012815 -0.0219032 1.34468e-06 0.00266799 -0.00373071 -0.00956151 -0.00210357 -0.00793396 0.00266732 0.00533463 
0.00677691 0.016207 0.0244175 -0.0220109 -0.0287695 0.011603 -0.00640483 0.0073374 -0.00535855 -0.012815 0.00858084 -0.00213345 0.000888496 -0.00152709 0.00143537 0.0012038 -3.90172e-05 0.0021356 -0.0015272 -3.85083e-07 
-0.00471396 0.0277008 -0.00337236 0.0296145 0.00639958 -0.0474035 0.000619836 -0.00640282 0.00372736 -0.0219032 -0.00213345 0.0152973 2.24114e-07 0.00044367 -0.000621089 0.00392132 -0.000350203 0.00178632 0.000444055 -0.00305441 
-0.00674581 -1.70061e-06 0.00916329 2.3105e-06 -0.00483124 -1.21839e-06 -0.00305452 -7.70166e-07 0.00533396 1.34468e-06 0.000888496 2.24114e-07 0.000635697 1.60279e-07 -0.000501004 -1.2629e-07 -0.000888944 -2.24114e-07 8.01393e-08 1.38402e-23 
-0.00337418 -0.00337418 -0.00241389 0.00458073 0.00458073 -0.00241389 0.00044367 -0.00152709 0.00266799 0.00266799 -0.00152709 0.00044367 1.60279e-07 0.000317849 -0.000444567 -0.00025067 -0.00025067 -0.000444567 0.000317849 1.60279e-07 
0.0100322 0.00471819 -0.00384323 -0.0064078 -0.00259925 0.00337786 0.00178587 0.00213606 -0.00793249 -0.00373071 0.00143537 -0.000621089 -0.000501004 -0.000444567 0.0010163 0.000350449 0.00105079 0.000621716 -0.000444504 -1.12057e-07 
0.00265984 0.0120924 0.00190285 0.00314445 -0.00361096 -0.01091 -0.000349743 -3.85668e-05 -0.00210316 -0.00956151 0.0012038 0.00392132 -1.2629e-07 -0.00025067 0.000350449 0.00144059 0.000197601 0.00105099 -0.000250558 -0.000889007 
0.0120905 0.00266036 -0.0109099 -0.00361306 0.00314559 0.00190461 0.00392118 0.00120442 -0.00956004 -0.00210357 -3.90172e-05 -0.000350203 -0.000888944 -0.00025067 0.00105079 0.000197601 0.00144042 0.000350556 -0.000250558 -6.3145e-08 
0.00471871 0.010034 0.00337576 -0.00259931 -0.00640604 -0.00384437 -0.000620463 0.00143552 -0.00373112 -0.00793396 0.0021356 0.00178632 -2.24114e-07 -0.000444567 0.000621716 0.00105099 0.000350556 0.00101648 -0.000444504 -0.000501116 
-0.00337333 -0.00337333 -0.00241504 0.00458134 0.00458134 -0.00241504 0.000444055 -0.0015272 0.00266732 0.00266732 -0.0015272 0.000444055 8.01393e-08 0.000317849 -0.000444504 -0.000250558 -0.000250558 -0.000444504 0.000317849 8.01393e-08 
-8.50305e-07 -0.00674666 -6.09197e-07 -0.00483008 1.15525e-06 0.00916268 1.12057e-07 0.000888111 6.72342e-07 0.00533463 -3.85083e-07 -0.00305441 1.38402e-23 1.60279e-07 -1.12057e-07 -0.000889007 -6.3145e-08 -0.000501116 8.01393e-08 0.000635697 
 ue[5]=1.58924e-08 J0=81 W[i]=0.0629696

Ponto de integracao No. =6
Valores das funcoes de forma no ponto de Integracao atual(PHI) :
0.0597971 -0.0321375 -0.253018 -0.0321375 0.220881 0.506037 0.0597971 -0.253018 0.506037 0.217763 
Valores das derivadas direcionais das funcoes de forma no ponto de Integracao atual(DPHI):
-0.226917 -0.138496 1.40767 0.138496 0 -4.99609 0.226917 -1.40767 4.99609 0 
-0.226917 0.178797 1.09038 0.317293 -1.90376 -3.27113 0 -0.317293 1.72496 2.40767 
 X= 
0.911579 7.17684 
 J0= 81
 Y= 
0.911579 7.17744 
Matriz A1= 
9 6.21725e-15 
0.00226917 9 
 J1= 81
 A= 
1 -9.86076e-32 
0.00025213 1 
 C= 
1 0.00025213 
0.00025213 1 
 E= 
3.17849e-08 0 0.000126065 0.000126065 
 S= 
3.17849e-08 0 0.000126065 0.000126065 
 CC= 
1 0 0 0 
0 1 0 0 
0 0 0.5 0.5 
0 0 0.5 0.5 
 fint= -3.17929e-06 -3.17929e-06 2.50397e-06 -1.93931e-06 1.52781e-05 1.97214e-05 4.44489e-06 1.94107e-06 -2.66664e-05 -6.72342e-09 -4.58371e-05 -6.9993e-05 8.01393e-10 3.17849e-06 -4.44938e-06 -1.97187e-05 2.41796e-05 6.99876e-05 3.37248e-05 8.50305e-09 
 h= 
0.000953706 0.000318089 0.000137529 0.000194029 -0.00547171 -0.00197314 -0.000832591 -0.000194204 0.00266732 6.72342e-07 0.0185812 0.00700283 -0.000635777 -0.000318009 0.00438856 0.00197286 -0.0164149 -0.00700228 -0.00337333 -8.50305e-07 
0.000318089 0.000953867 -0.000250411 -0.000306926 -0.0015287 -0.00502815 -0.00044465 -0.0010832 0.00266732 0.00533463 0.00458663 0.0161679 -1.60279e-07 -0.000318009 0.000445547 0.00286186 -0.00242034 -0.0118353 -0.00337333 -0.00674666 
0.000137529 -0.000250411 0.000434063 -0.000152747 -0.00120328 0.00155332 0.000113359 0.000152885 -0.00210075 -5.29766e-07 0.00493146 -0.00551288 -0.000387926 0.000250348 0.00205635 -0.00155311 -0.00663761 0.00551245 0.0026568 6.6999e-07 
0.000194029 -0.000306926 -0.000152747 0.000512921 -0.00093248 0.00120375 -0.00027123 0.000581924 0.00162702 -0.00420149 0.00279777 -0.00295076 -9.78239e-08 -0.000193868 0.000271777 0.000502403 -0.00147637 -0.000461546 -0.00205768 0.00531359 
-0.00547171 -0.0015287 -0.00120328 -0.00093248 0.0318072 0.00948264 0.00454341 0.000933322 -0.0128178 -3.23072e-06 -0.108858 -0.0336547 0.0039439 0.00152831 -0.0266021 -0.00948133 0.0984477 0.0336521 0.0162106 4.08586e-06 
-0.00197314 -0.00502815 0.00155332 0.00120375 0.00948264 0.0269193 0.00275821 0.00547652 -0.0165456 -0.0256357 -0.0284513 -0.087478 9.9428e-07 0.00197253 -0.00276377 -0.0165091 0.0150136 0.0666576 0.0209251 0.0324212 
-0.000832591 -0.00044465 0.000113359 -0.00027123 0.00454341 0.00275821 0.000858392 0.000271475 -0.00372912 -9.4012e-07 -0.0149525 -0.00978912 0.000388101 0.000444538 -0.00302908 -0.00275783 0.0119238 0.00978835 0.00471618 1.18896e-06 
-0.000194204 -0.0010832 0.000152885 0.000581924 0.000933322 0.00547652 0.000271475 0.00136158 -0.00162849 -0.00745823 -0.0028003 -0.0170912 9.78239e-08 0.000194219 -0.000272022 -0.00244786 0.0014777 0.0110339 0.00205954 0.00943237 
0.00266732 0.00266732 -0.00210075 0.00162702 -0.0128178 -0.0165456 -0.00372912 -0.00162849 0.0223722 5.64072e-06 0.0384558 0.0587218 -6.72342e-07 -0.00266664 0.00373288 0.0165433 -0.0202859 -0.0587172 -0.028294 -7.13377e-06 
6.72342e-07 0.00533463 -5.29766e-07 -0.00420149 -3.23072e-06 -0.0256357 -9.4012e-07 -0.00745823 5.64072e-06 0.0447445 9.69215e-06 0.0769116 9.49484e-20 -1.34468e-06 9.4012e-07 0.00746576 -5.11096e-06 -0.0405718 -7.13377e-06 -0.056588 
0.0185812 0.00458663 0.00493146 0.00279777 -0.108858 -0.0284513 -0.0149525 -0.0028003 0.0384558 9.69215e-06 0.374262 0.100976 -0.0139974 -0.00458548 0.0932417 0.0284474 -0.343029 -0.100968 -0.0486347 -1.22576e-05 
0.00700283 0.0161679 -0.00551288 -0.00295076 -0.0336547 -0.087478 -0.00978912 -0.0170912 0.0587218 0.0769116 0.100976 0.286284 -3.52889e-06 -0.00700046 0.00980886 0.0562456 -0.0532844 -0.223819 -0.0742649 -0.0972695 
-0.000635777 -1.60279e-07 -0.000387926 -9.78239e-08 0.0039439 9.9428e-07 0.000388101 9.78239e-08 -6.72342e-07 9.49484e-20 -0.0139974 -3.52889e-06 0.000635697 1.60279e-07 -0.00394363 -9.9428e-07 0.0139969 3.52889e-06 8.50305e-07 -1.2008e-19 
-0.000318009 -0.000318009 0.000250348 -0.000193868 0.00152831 0.00197253 0.000444538 0.000194219 -0.00266664 -1.34468e-06 -0.00458548 -0.00700046 1.60279e-07 0.000317849 -0.000445435 -0.00197198 0.00241973 0.00699937 0.00337248 1.70061e-06 
0.00438856 0.000445547 0.00205635 0.000271777 -0.0266021 -0.00276377 -0.00302908 -0.000272022 0.00373288 9.4012e-07 0.0932417 0.00980886 -0.00394363 -0.000445435 0.0250862 0.00276339 -0.09021 -0.00980809 -0.00472094 -1.18896e-06 
0.00197286 0.00286186 -0.00155311 0.000502403 -0.00948133 -0.0165091 -0.00275783 -0.00244786 0.0165433 0.00746576 0.0284474 0.0562456 -9.9428e-07 -0.00197198 0.00276339 0.0134774 -0.0150115 -0.0501821 -0.0209222 -0.00944188 
-0.0164149 -0.00242034 -0.00663761 -0.00147637 0.0984477 0.0150136 0.0119238 0.0014777 -0.0202859 -5.11096e-06 -0.343029 -0.0532844 0.0139969 0.00241973 -0.09021 -0.0150115 0.326554 0.0532803 0.0256554 6.46378e-06 
-0.00700228 -0.0118353 0.00551245 -0.000461546 0.0336521 0.0666576 0.00978835 0.0110339 -0.0587172 -0.0405718 -0.100968 -0.223819 3.52889e-06 0.00699937 -0.00980809 -0.0501821 0.0532803 0.190868 0.0742591 0.0513108 
-0.00337333 -0.00337333 0.0026568 -0.00205768 0.0162106 0.0209251 0.00471618 0.00205954 -0.028294 -7.13377e-06 -0.0486347 -0.0742649 8.50305e-07 0.00337248 -0.00472094 -0.0209222 0.0256554 0.0742591 0.0357832 9.02202e-06 
-8.50305e-07 -0.00674666 6.6999e-07 0.00531359 4.08586e-06 0.0324212 1.18896e-06 0.00943237 -7.13377e-06 -0.056588 -1.22576e-05 -0.0972695 -1.2008e-19 1.70061e-06 -1.18896e-06 -0.00944188 6.46378e-06 0.0513108 9.02202e-06 0.0715663 
 ue[6]=1.58924e-08 J0=81 W[i]=0.0629696

 Ue= 1.0625e-05
 Fint= 
-0.000437912 -0.000437913 0.00150203 0.00169 -2.27466e-07 -0.000188188 -0.00356897 -0.00338516 -3.44388e-06 -1.00036e-08 4.6131e-07 -0.00018681 4.85048e-06 0.00212501 0.00356617 0.000197647 -0.00150046 0.000185009 0.0004375 4.11706e-07 
 H= 
