Iteração =X
Elemento =0
GRAU DO POLINOMIO =3
NUMERO DE NOS =10
Coordenadas Adimensionais dos Nós
0 Xsi[0][0]=0   Xsi[0][1]=0   
1 Xsi[1][0]=0.333333   Xsi[1][1]=0   
2 Xsi[2][0]=0   Xsi[2][1]=0.333333   
3 Xsi[3][0]=0.666667   Xsi[3][1]=0   
4 Xsi[4][0]=0.333333   Xsi[4][1]=0.333333   
5 Xsi[5][0]=0   Xsi[5][1]=0.666667   
6 Xsi[6][0]=1   Xsi[6][1]=0   
7 Xsi[7][0]=0.666667   Xsi[7][1]=0.333333   
8 Xsi[8][0]=0.333333   Xsi[8][1]=0.666667   
9 Xsi[9][0]=0   Xsi[9][1]=1   
Matriz dos Coeficientes das Funcoes de forma
1 0 0 0 0 0 0 0 0 0 
-5.5 9 0 -4.5 0 0 1 0 0 0 
-5.5 0 9 0 0 -4.5 0 0 0 1 
9 -22.5 0 18 0 0 -4.5 0 0 0 
18 -22.5 -22.5 4.5 27 4.5 0 -4.5 -4.5 0 
9 0 -22.5 0 0 18 0 0 0 -4.5 
-4.5 13.5 0 -13.5 0 0 4.5 0 0 0 
-13.5 27 13.5 -13.5 -27 0 0 13.5 0 0 
-13.5 13.5 27 0 -27 -13.5 0 0 13.5 0 
-4.5 0 13.5 0 0 -13.5 0 0 0 4.5 
Matriz dos Coeficientes das Derivadas direcionais das Funcoes de forma
C'0
-5.5 9 0 -4.5 0 0 1 0 0 0 
18 -45 0 36 0 0 -9 0 0 0 
18 -22.5 -22.5 4.5 27 4.5 0 -4.5 -4.5 0 
-13.5 40.5 0 -40.5 0 0 13.5 0 0 0 
-27 54 27 -27 -54 0 0 27 0 0 
-13.5 13.5 27 0 -27 -13.5 0 0 13.5 0 
C'1
-5.5 0 9 0 0 -4.5 0 0 0 1 
18 -22.5 -22.5 4.5 27 4.5 0 -4.5 -4.5 0 
18 0 -45 0 0 36 0 0 0 -9 
-13.5 27 13.5 -13.5 -27 0 0 13.5 0 0 
-27 27 54 0 -54 -27 0 0 27 0 
-13.5 0 40.5 0 0 -40.5 0 0 0 13.5 

Ponto de integracao No. =0
Valores das funcoes de forma no ponto de Integracao atual(PHI) :
0 0 0 0 1 0 0 0 0 0 
Valores das derivadas direcionais das funcoes de forma no ponto de Integracao atual(DPHI):
0.5 -1.5 -1.5 1.5 0 0 -0.5 1.5 0 0 
0.5 -1.5 -1.5 0 0 1.5 0 0 1.5 -0.5 
 X= 
4.5 1.5 
 J0= 40.5
 Y= 
4.5 1.5 
Matriz A1= 
9 4.5 
-1.36335e-13 4.5 
 J1= 40.5
 A= 
1 0 
-3.15544e-30 1 
 C= 
1 -3.15544e-30 
-3.15544e-30 1 
 E= 
0 -1.11022e-16 -1.57772e-30 -1.57772e-30 
 S= 
0 -1.11022e-16 -1.57772e-30 -1.57772e-30 
 CC= 
1 0 0 0 
0 1 0 0 
0 0 0.5 0.5 
0 0 0.5 0.5 
 fint= -8.76512e-32 -6.16791e-18 2.62954e-31 1.85037e-17 2.62954e-31 1.85037e-17 2.62954e-31 1.85037e-17 0 0 -5.25907e-31 -3.70074e-17 -8.76512e-32 -6.16791e-18 2.62954e-31 1.85037e-17 -5.25907e-31 -3.70074e-17 1.75302e-31 1.23358e-17 
 h= 
0.00462963 0.00154321 -0.0138889 -0.00462963 -0.0138889 -0.00462963 0.00462963 0.00462963 0 0 0.00925926 1.40263e-16 -0.00154321 -0.00154321 0.00462963 0.00462963 0.00925926 1.40263e-16 -0.00308642 -4.67542e-17 
0.00154321 0.00462963 -0.00462963 -0.0138889 -0.00462963 -0.0138889 -0.00462963 -0.00462963 0 0 0.00925926 0.0185185 0.00154321 0.00154321 -0.00462963 -0.00462963 0.00925926 0.0185185 -0.00308642 -0.00617284 
-0.0138889 -0.00462963 0.0416667 0.0138889 0.0416667 0.0138889 -0.0138889 -0.0138889 0 0 -0.0277778 -4.20788e-16 0.00462963 0.00462963 -0.0138889 -0.0138889 -0.0277778 -4.20788e-16 0.00925926 1.40263e-16 
-0.00462963 -0.0138889 0.0138889 0.0416667 0.0138889 0.0416667 0.0138889 0.0138889 0 0 -0.0277778 -0.0555556 -0.00462963 -0.00462963 0.0138889 0.0138889 -0.0277778 -0.0555556 0.00925926 0.0185185 
-0.0138889 -0.00462963 0.0416667 0.0138889 0.0416667 0.0138889 -0.0138889 -0.0138889 0 0 -0.0277778 -4.20788e-16 0.00462963 0.00462963 -0.0138889 -0.0138889 -0.0277778 -4.20788e-16 0.00925926 1.40263e-16 
-0.00462963 -0.0138889 0.0138889 0.0416667 0.0138889 0.0416667 0.0138889 0.0138889 0 0 -0.0277778 -0.0555556 -0.00462963 -0.00462963 0.0138889 0.0138889 -0.0277778 -0.0555556 0.00925926 0.0185185 
0.00462963 -0.00462963 -0.0138889 0.0138889 -0.0138889 0.0138889 0.0416667 -0.0138889 0 0 -0.0277778 -4.20788e-16 -0.0138889 0.00462963 0.0416667 -0.0138889 -0.0277778 -4.20788e-16 0.00925926 1.40263e-16 
0.00462963 -0.00462963 -0.0138889 0.0138889 -0.0138889 0.0138889 -0.0138889 0.0416667 0 0 0.0277778 -0.0555556 0.00462963 -0.0138889 -0.0138889 0.0416667 0.0277778 -0.0555556 -0.00925926 0.0185185 
0 0 0 0 0 0 0 0 0 0 0 0 0 0 0 0 0 0 0 0 
0 0 0 0 0 0 0 0 0 0 0 0 0 0 0 0 0 0 0 0 
0.00925926 0.00925926 -0.0277778 -0.0277778 -0.0277778 -0.0277778 -0.0277778 0.0277778 0 0 0.0555556 8.41576e-16 0.00925926 -0.00925926 -0.0277778 0.0277778 0.0555556 8.41576e-16 -0.0185185 -2.80525e-16 
1.40263e-16 0.0185185 -4.20788e-16 -0.0555556 -4.20788e-16 -0.0555556 -4.20788e-16 -0.0555556 0 0 8.41576e-16 0.111111 1.40263e-16 0.0185185 -4.20788e-16 -0.0555556 8.41576e-16 0.111111 -2.80525e-16 -0.037037 
-0.00154321 0.00154321 0.00462963 -0.00462963 0.00462963 -0.00462963 -0.0138889 0.00462963 0 0 0.00925926 1.40263e-16 0.00462963 -0.00154321 -0.0138889 0.00462963 0.00925926 1.40263e-16 -0.00308642 -4.67542e-17 
-0.00154321 0.00154321 0.00462963 -0.00462963 0.00462963 -0.00462963 0.00462963 -0.0138889 0 0 -0.00925926 0.0185185 -0.00154321 0.00462963 0.00462963 -0.0138889 -0.00925926 0.0185185 0.00308642 -0.00617284 
0.00462963 -0.00462963 -0.0138889 0.0138889 -0.0138889 0.0138889 0.0416667 -0.0138889 0 0 -0.0277778 -4.20788e-16 -0.0138889 0.00462963 0.0416667 -0.0138889 -0.0277778 -4.20788e-16 0.00925926 1.40263e-16 
0.00462963 -0.00462963 -0.0138889 0.0138889 -0.0138889 0.0138889 -0.0138889 0.0416667 0 0 0.0277778 -0.0555556 0.00462963 -0.0138889 -0.0138889 0.0416667 0.0277778 -0.0555556 -0.00925926 0.0185185 
0.00925926 0.00925926 -0.0277778 -0.0277778 -0.0277778 -0.0277778 -0.0277778 0.0277778 0 0 0.0555556 8.41576e-16 0.00925926 -0.00925926 -0.0277778 0.0277778 0.0555556 8.41576e-16 -0.0185185 -2.80525e-16 
1.40263e-16 0.0185185 -4.20788e-16 -0.0555556 -4.20788e-16 -0.0555556 -4.20788e-16 -0.0555556 0 0 8.41576e-16 0.111111 1.40263e-16 0.0185185 -4.20788e-16 -0.0555556 8.41576e-16 0.111111 -2.80525e-16 -0.037037 
-0.00308642 -0.00308642 0.00925926 0.00925926 0.00925926 0.00925926 0.00925926 -0.00925926 0 0 -0.0185185 -2.80525e-16 -0.00308642 0.00308642 0.00925926 -0.00925926 -0.0185185 -2.80525e-16 0.00617284 9.35085e-17 
-4.67542e-17 -0.00617284 1.40263e-16 0.0185185 1.40263e-16 0.0185185 1.40263e-16 0.0185185 0 0 -2.80525e-16 -0.037037 -4.67542e-17 -0.00617284 1.40263e-16 0.0185185 -2.80525e-16 -0.037037 9.35085e-17 0.0123457 
 ue[0]=6.16298e-33 J0=40.5 W[i]=-0.28125

Ponto de integracao No. =1
Valores das funcoes de forma no ponto de Integracao atual(PHI) :
0.056 -0.216 -0.072 0.432 0.648 -0.072 -0.048 0.432 -0.216 0.056 
Valores das derivadas direcionais das funcoes de forma no ponto de Integracao atual(DPHI):
0.26 -0.9 -0.18 0.18 -2.16 0.36 0.46 2.34 -0.36 0 
0.26 -0.54 -0.54 -2.16 0 0.54 0 2.16 0.54 -0.26 
 X= 
6.3 0.9 
 J0= 40.5
 Y= 
6.3 0.9 
Matriz A1= 
9 4.5 
-8.88178e-16 4.5 
 J1= 40.5
 A= 
1 0 
-1.2326e-32 1 
 C= 
1 -1.2326e-32 
-1.2326e-32 1 
 E= 
0 0 -6.16298e-33 -6.16298e-33 
 S= 
0 0 -6.16298e-33 -6.16298e-33 
 CC= 
1 0 0 0 
0 1 0 0 
0 0 0.5 0.5 
0 0 0.5 0.5 
 fint= -1.78042e-34 -1.78042e-34 1.2326e-34 6.16298e-34 6.16298e-34 1.2326e-34 3.08149e-33 -1.2326e-34 -1.47911e-33 1.47911e-33 -4.93038e-34 -2.46519e-34 3.14997e-34 -3.14997e-34 -1.35585e-33 -1.60237e-33 -9.86076e-34 2.46519e-34 3.56083e-34 3.51406e-50 
 h= 
0.00125185 0.000417284 -0.00317778 -0.00144444 -0.00202222 -0.000288889 -0.00664444 0.000288889 -0.00346667 -0.00346667 0.00231111 0.000577778 0.000738272 0.000738272 0.0106889 0.00375556 0.00115556 -0.000577778 -0.000834568 -8.23606e-20 
0.000417284 0.00125185 -0.000288889 -0.00202222 -0.00144444 -0.00317778 -0.00722222 -0.0141556 0.00346667 0.00346667 0.00115556 0.00288889 -0.000738272 -0.000738272 0.00317778 0.0101111 0.00231111 0.00404444 -0.000834568 -0.00166914 
-0.00317778 -0.000288889 0.0102 0.001 0.003 0.0002 0.003 -0.0002 0.0216 0.0024 -0.0048 -0.0004 -0.0046 -0.000511111 -0.0282 -0.0026 0.0024 0.0004 0.000577778 5.70189e-20 
-0.00144444 -0.00202222 0.001 0.0054 0.005 0.003 0.025 0.009 -0.012 0.0072 -0.004 -0.0036 0.00255556 -0.00153333 -0.011 -0.0174 -0.008 -0.0012 0.00288889 0.00115556 
-0.00202222 -0.00144444 0.003 0.005 0.0054 0.001 0.0246 -0.001 -0.0072 0.012 -0.0048 -0.002 0.00153333 -0.00255556 -0.0162 -0.013 -0.0072 0.002 0.00288889 2.85094e-19 
-0.000288889 -0.00317778 0.0002 0.003 0.001 0.0102 0.005 0.0498 -0.0024 -0.0216 -0.0008 -0.0084 0.000511111 0.0046 -0.0022 -0.0246 -0.0016 -0.0156 0.000577778 0.00577778 
-0.00664444 -0.00722222 0.003 0.025 0.0246 0.005 0.1254 -0.005 -0.0648 0.06 -0.0192 -0.01 0.0138 -0.0127778 -0.0498 -0.065 -0.0408 0.01 0.0144444 1.42547e-18 
0.000288889 -0.0141556 -0.0002 0.009 -0.001 0.0498 -0.005 0.2502 0.0024 -0.1224 0.0008 -0.0396 -0.000511111 0.0260667 0.0022 -0.1074 0.0016 -0.0804 -0.000577778 0.0288889 
-0.00346667 0.00346667 0.0216 -0.012 -0.0072 -0.0024 -0.0648 0.0024 0.0864 -0.0288 7.63278e-17 0.0048 -0.0184 0.00613333 -0.036 0.0312 0.0288 -0.0048 -0.00693333 -6.84226e-19 
-0.00346667 0.00346667 0.0024 0.0072 0.012 -0.0216 0.06 -0.1224 -0.0288 0.0864 -0.0096 0.0144 0.00613333 -0.0184 -0.0264 0.0216 -0.0192 0.0432 0.00693333 -0.0138667 
0.00231111 0.00115556 -0.0048 -0.004 -0.0048 -0.0008 -0.0192 0.0008 7.63278e-17 -0.0096 0.0048 0.0016 -1.64799e-17 0.00204444 0.0192 0.0104 0.0048 -0.0016 -0.00231111 -2.28075e-19 
0.000577778 0.00288889 -0.0004 -0.0036 -0.002 -0.0084 -0.01 -0.0396 0.0048 0.0144 0.0016 0.0072 -0.00102222 -0.00306667 0.0044 0.0228 0.0032 0.012 -0.00115556 -0.00462222 
0.000738272 -0.000738272 -0.0046 0.00255556 0.00153333 0.000511111 0.0138 -0.000511111 -0.0184 0.00613333 -1.64799e-17 -0.00102222 0.00391852 -0.00130617 0.00766667 -0.00664444 -0.00613333 0.00102222 0.00147654 1.45715e-19 
0.000738272 -0.000738272 -0.000511111 -0.00153333 -0.00255556 0.0046 -0.0127778 0.0260667 0.00613333 -0.0184 0.00204444 -0.00306667 -0.00130617 0.00391852 0.00562222 -0.0046 0.00408889 -0.0092 -0.00147654 0.00295309 
0.0106889 0.00317778 -0.0282 -0.011 -0.0162 -0.0022 -0.0498 0.0022 -0.036 -0.0264 0.0192 0.0044 0.00766667 0.00562222 0.0918 0.0286 0.0072 -0.0044 -0.00635556 -6.27207e-19 
0.00375556 0.0101111 -0.0026 -0.0174 -0.013 -0.0246 -0.065 -0.1074 0.0312 0.0216 0.0104 0.0228 -0.00664444 -0.0046 0.0286 0.0822 0.0208 0.03 -0.00751111 -0.0127111 
0.00115556 0.00231111 0.0024 -0.008 -0.0072 -0.0016 -0.0408 0.0016 0.0288 -0.0192 0.0048 0.0032 -0.00613333 0.00408889 0.0072 0.0208 0.0144 -0.0032 -0.00462222 -4.56151e-19 
-0.000577778 0.00404444 0.0004 -0.0012 0.002 -0.0156 0.01 -0.0804 -0.0048 0.0432 -0.0016 0.012 0.00102222 -0.0092 -0.0044 0.03 -0.0032 0.0264 0.00115556 -0.00924444 
-0.000834568 -0.000834568 0.000577778 0.00288889 0.00288889 0.000577778 0.0144444 -0.000577778 -0.00693333 0.00693333 -0.00231111 -0.00115556 0.00147654 -0.00147654 -0.00635556 -0.00751111 -0.00462222 0.00115556 0.00166914 1.64721e-19 
-8.23606e-20 -0.00166914 5.70189e-20 0.00115556 2.85094e-19 0.00577778 1.42547e-18 0.0288889 -6.84226e-19 -0.0138667 -2.28075e-19 -0.00462222 1.45715e-19 0.00295309 -6.27207e-19 -0.0127111 -4.56151e-19 -0.00924444 1.64721e-19 0.00333827 
 ue[1]=3.79823e-65 J0=40.5 W[i]=0.260417

Ponto de integracao No. =2
Valores das funcoes de forma no ponto de Integracao atual(PHI) :
-0.048 0.432 0.432 -0.216 0.648 -0.216 0.056 -0.072 -0.072 0.056 
Valores das derivadas direcionais das funcoes de forma no ponto de Integracao atual(DPHI):
-0.46 -0.18 -2.34 0.9 2.16 0.36 -0.26 0.18 -0.36 0 
-0.46 -2.34 -0.18 0.36 2.16 0.9 0 -0.36 0.18 -0.26 
 X= 
2.7 0.9 
 J0= 40.5
 Y= 
2.7 0.9 
Matriz A1= 
9 4.5 
-2.22045e-16 4.5 
 J1= 40.5
 A= 
1 0 
0 1 
 C= 
1 0 
0 1 
 E= 
0 0 0 0 
 S= 
0 0 0 0 
 CC= 
1 0 0 0 
0 1 0 0 
0 0 0.5 0.5 
0 0 0.5 0.5 
 fint= 0 0 0 0 0 0 0 0 0 0 0 0 0 0 0 0 0 0 0 0 
 h= 
0.00391852 0.00130617 0.0138 0.000511111 0.00766667 0.00664444 -0.0046 -0.00255556 -0.0184 -0.00613333 -0.00613333 -0.00102222 0.000738272 0.000738272 0.00153333 -0.000511111 -1.30104e-17 0.00102222 0.00147654 3.64287e-20 
0.00130617 0.00391852 0.0127778 0.0260667 -0.00562222 -0.0046 0.000511111 -0.00153333 -0.00613333 -0.0184 -0.00408889 -0.0092 -0.000738272 -0.000738272 0.00255556 0.0046 -0.00204444 -0.00306667 0.00147654 0.00295309 
0.0138 0.0127778 0.1254 0.005 -0.0498 0.065 0.003 -0.025 -0.0648 -0.06 -0.0408 -0.01 -0.00664444 0.00722222 0.0246 -0.005 -0.0192 0.01 0.0144444 3.56368e-19 
0.000511111 0.0260667 0.005 0.2502 -0.0022 -0.1074 0.0002 0.009 -0.0024 -0.1224 -0.0016 -0.0804 -0.000288889 -0.0141556 0.001 0.0498 -0.0008 -0.0396 0.000577778 0.0288889 
0.00766667 -0.00562222 -0.0498 -0.0022 0.0918 -0.0286 -0.0282 0.011 -0.036 0.0264 0.0072 0.0044 0.0106889 -0.00317778 -0.0162 0.0022 0.0192 -0.0044 -0.00635556 -1.56802e-19 
0.00664444 -0.0046 0.065 -0.1074 -0.0286 0.0822 0.0026 -0.0174 -0.0312 0.0216 -0.0208 0.03 -0.00375556 0.0101111 0.013 -0.0246 -0.0104 0.0228 0.00751111 -0.0127111 
-0.0046 0.000511111 0.003 0.0002 -0.0282 0.0026 0.0102 -0.001 0.0216 -0.0024 0.0024 -0.0004 -0.00317778 0.000288889 0.003 -0.0002 -0.0048 0.0004 0.000577778 1.42547e-20 
-0.00255556 -0.00153333 -0.025 0.009 0.011 -0.0174 -0.001 0.0054 0.012 0.0072 0.008 -0.0012 0.00144444 -0.00202222 -0.005 0.003 0.004 -0.0036 -0.00288889 0.00115556 
-0.0184 -0.00613333 -0.0648 -0.0024 -0.036 -0.0312 0.0216 0.012 0.0864 0.0288 0.0288 0.0048 -0.00346667 -0.00346667 -0.0072 0.0024 2.60209e-17 -0.0048 -0.00693333 -1.71057e-19 
-0.00613333 -0.0184 -0.06 -0.1224 0.0264 0.0216 -0.0024 0.0072 0.0288 0.0864 0.0192 0.0432 0.00346667 0.00346667 -0.012 -0.0216 0.0096 0.0144 -0.00693333 -0.0138667 
-0.00613333 -0.00408889 -0.0408 -0.0016 0.0072 -0.0208 0.0024 0.008 0.0288 0.0192 0.0144 0.0032 0.00115556 -0.00231111 -0.0072 0.0016 0.0048 -0.0032 -0.00462222 -1.14038e-19 
-0.00102222 -0.0092 -0.01 -0.0804 0.0044 0.03 -0.0004 -0.0012 0.0048 0.0432 0.0032 0.0264 0.000577778 0.00404444 -0.002 -0.0156 0.0016 0.012 -0.00115556 -0.00924444 
0.000738272 -0.000738272 -0.00664444 -0.000288889 0.0106889 -0.00375556 -0.00317778 0.00144444 -0.00346667 0.00346667 0.00115556 0.000577778 0.00125185 -0.000417284 -0.00202222 0.000288889 0.00231111 -0.000577778 -0.000834568 -2.05901e-20 
0.000738272 -0.000738272 0.00722222 -0.0141556 -0.00317778 0.0101111 0.000288889 -0.00202222 -0.00346667 0.00346667 -0.00231111 0.00404444 -0.000417284 0.00125185 0.00144444 -0.00317778 -0.00115556 0.00288889 0.000834568 -0.00166914 
0.00153333 0.00255556 0.0246 0.001 -0.0162 0.013 0.003 -0.005 -0.0072 -0.012 -0.0072 -0.002 -0.00202222 0.00144444 0.0054 -0.001 -0.0048 0.002 0.00288889 7.12736e-20 
-0.000511111 0.0046 -0.005 0.0498 0.0022 -0.0246 -0.0002 0.003 0.0024 -0.0216 0.0016 -0.0156 0.000288889 -0.00317778 -0.001 0.0102 0.0008 -0.0084 -0.000577778 0.00577778 
-1.30104e-17 -0.00204444 -0.0192 -0.0008 0.0192 -0.0104 -0.0048 0.004 2.60209e-17 0.0096 0.0048 0.0016 0.00231111 -0.00115556 -0.0048 0.0008 0.0048 -0.0016 -0.00231111 -5.70189e-20 
0.00102222 -0.00306667 0.01 -0.0396 -0.0044 0.0228 0.0004 -0.0036 -0.0048 0.0144 -0.0032 0.012 -0.000577778 0.00288889 0.002 -0.0084 -0.0016 0.0072 0.00115556 -0.00462222 
0.00147654 0.00147654 0.0144444 0.000577778 -0.00635556 0.00751111 0.000577778 -0.00288889 -0.00693333 -0.00693333 -0.00462222 -0.00115556 -0.000834568 0.000834568 0.00288889 -0.000577778 -0.00231111 0.00115556 0.00166914 4.11803e-20 
3.64287e-20 0.00295309 3.56368e-19 0.0288889 -1.56802e-19 -0.0127111 1.42547e-20 0.00115556 -1.71057e-19 -0.0138667 -1.14038e-19 -0.00924444 -2.05901e-20 -0.00166914 7.12736e-20 0.00577778 -5.70189e-20 -0.00462222 4.11803e-20 0.00333827 
 ue[2]=0 J0=40.5 W[i]=0.260417

Ponto de integracao No. =3
Valores das funcoes de forma no ponto de Integracao atual(PHI) :
0.056 -0.072 -0.216 -0.072 0.648 0.432 0.056 -0.216 0.432 -0.048 
Valores das derivadas direcionais das funcoes de forma no ponto de Integracao atual(DPHI):
0.26 -0.54 -0.54 0.54 0 -2.16 -0.26 0.54 2.16 0 
0.26 -0.18 -0.9 0.36 -2.16 0.18 0 -0.36 2.34 0.46 
 X= 
4.5 2.7 
 J0= 40.5
 Y= 
4.5 2.7 
Matriz A1= 
9 4.5 
-2.66454e-15 4.5 
 J1= 40.5
 A= 
1 -2.22045e-16 
-4.93038e-32 1 
 C= 
1 -2.22045e-16 
-2.22045e-16 1 
 E= 
0 -1.11022e-16 -1.11022e-16 -1.11022e-16 
 S= 
0 -1.11022e-16 -1.11022e-16 -1.11022e-16 
 CC= 
1 0 0 0 
0 1 0 0 
0 0 0.5 0.5 
0 0 0.5 0.5 
 fint= -3.20731e-18 -6.41462e-18 -2.22045e-18 4.44089e-18 1.55431e-17 2.22045e-17 -2.22045e-18 -8.88178e-18 5.32907e-17 5.32907e-17 -3.10862e-17 -4.44089e-18 -3.20731e-18 -3.85186e-33 1.55431e-17 8.88178e-18 -3.10862e-17 -5.77316e-17 -1.13489e-17 -1.13489e-17 
 h= 
0.00125185 0.000417284 -0.00144444 -0.000866667 -0.00375556 -0.000866667 0.00202222 0.000866667 -0.00693333 1.02634e-18 -0.00288889 -0.00346667 -0.000417284 -0.000417284 -0.000288889 0.000866667 0.0109778 0.00346667 0.00147654 -2.18572e-19 
0.000417284 0.00125185 0.000288889 -0.000288889 -0.00202222 -0.00491111 0.000288889 0.00144444 -0.00693333 -0.0138667 0.00404444 0.00462222 0.000417284 0.000417284 -0.00202222 -0.00317778 0.00404444 0.0115556 0.00147654 0.00295309 
-0.00144444 0.000288889 0.0038 -0.0006 0.0022 -0.0006 -0.0034 0.0006 -0.0048 7.10543e-19 0.0172 -0.0024 0.00202222 -0.000288889 -0.005 0.0006 -0.0116 0.0024 0.00102222 -1.51319e-19 
-0.000866667 -0.000288889 -0.0006 0.0022 0.0042 -0.001 -0.0006 -0.0014 0.0144 -0.0096 -0.0084 0.0128 -0.000866667 0.00144444 0.0042 -0.0046 -0.0084 -0.0016 -0.00306667 0.00204444 
-0.00375556 -0.00202222 0.0022 0.0042 0.0134 0.0042 -0.005 -0.0042 0.0336 -4.9738e-18 -0.0052 0.0168 -0.000288889 0.00202222 0.0062 -0.0042 -0.034 -0.0168 -0.00715556 1.05924e-18 
-0.000866667 -0.00491111 -0.0006 -0.001 0.0042 0.0214 -0.0006 -0.0046 0.0144 0.0672 -0.0084 -0.032 -0.000866667 -0.00317778 0.0042 0.0178 -0.0084 -0.0464 -0.00306667 -0.0143111 
0.00202222 0.000288889 -0.0034 -0.0006 -0.005 -0.0006 0.0038 0.0006 -0.0048 7.10543e-19 -0.0116 -0.0024 -0.00144444 -0.000288889 0.0022 0.0006 0.0172 0.0024 0.00102222 -1.51319e-19 
0.000866667 0.00144444 0.0006 -0.0014 -0.0042 -0.0046 0.0006 0.0022 -0.0144 -0.0096 0.0084 -0.0016 0.000866667 -0.000288889 -0.0042 -0.001 0.0084 0.0128 0.00306667 0.00204444 
-0.00693333 -0.00693333 -0.0048 0.0144 0.0336 0.0144 -0.0048 -0.0144 0.1152 -1.7053e-17 -0.0672 0.0576 -0.00693333 0.00693333 0.0336 -0.0144 -0.0672 -0.0576 -0.0245333 3.63166e-18 
1.02634e-18 -0.0138667 7.10543e-19 -0.0096 -4.9738e-18 0.0672 7.10543e-19 -0.0096 -1.7053e-17 0.2304 9.9476e-18 -0.1344 1.02634e-18 -0.0138667 -4.9738e-18 0.0672 9.9476e-18 -0.1344 3.63166e-18 -0.0490667 
-0.00288889 0.00404444 0.0172 -0.0084 -0.0052 -0.0084 -0.0116 0.0084 -0.0672 9.9476e-18 0.0968 -0.0336 0.0109778 -0.00404444 -0.034 0.0084 -0.0184 0.0336 0.0143111 -2.11847e-18 
-0.00346667 0.00462222 -0.0024 0.0128 0.0168 -0.032 -0.0024 -0.0016 0.0576 -0.1344 -0.0336 0.1072 -0.00346667 0.0115556 0.0168 -0.0464 -0.0336 0.0496 -0.0122667 0.0286222 
-0.000417284 0.000417284 0.00202222 -0.000866667 -0.000288889 -0.000866667 -0.00144444 0.000866667 -0.00693333 1.02634e-18 0.0109778 -0.00346667 0.00125185 -0.000417284 -0.00375556 0.000866667 -0.00288889 0.00346667 0.00147654 -2.18572e-19 
-0.000417284 0.000417284 -0.000288889 0.00144444 0.00202222 -0.00317778 -0.000288889 -0.000288889 0.00693333 -0.0138667 -0.00404444 0.0115556 -0.000417284 0.00125185 0.00202222 -0.00491111 -0.00404444 0.00462222 -0.00147654 0.00295309 
-0.000288889 -0.00202222 -0.005 0.0042 0.0062 0.0042 0.0022 -0.0042 0.0336 -4.9738e-18 -0.034 0.0168 -0.00375556 0.00202222 0.0134 -0.0042 -0.0052 -0.0168 -0.00715556 1.05924e-18 
0.000866667 -0.00317778 0.0006 -0.0046 -0.0042 0.0178 0.0006 -0.001 -0.0144 0.0672 0.0084 -0.0464 0.000866667 -0.00491111 -0.0042 0.0214 0.0084 -0.032 0.00306667 -0.0143111 
0.0109778 0.00404444 -0.0116 -0.0084 -0.034 -0.0084 0.0172 0.0084 -0.0672 9.9476e-18 -0.0184 -0.0336 -0.00288889 -0.00404444 -0.0052 0.0084 0.0968 0.0336 0.0143111 -2.11847e-18 
0.00346667 0.0115556 0.0024 -0.0016 -0.0168 -0.0464 0.0024 0.0128 -0.0576 -0.1344 0.0336 0.0496 0.00346667 0.00462222 -0.0168 -0.032 0.0336 0.1072 0.0122667 0.0286222 
0.00147654 0.00147654 0.00102222 -0.00306667 -0.00715556 -0.00306667 0.00102222 0.00306667 -0.0245333 3.63166e-18 0.0143111 -0.0122667 0.00147654 -0.00147654 -0.00715556 0.00306667 0.0143111 0.0122667 0.00522469 -7.7341e-19 
-2.18572e-19 0.00295309 -1.51319e-19 0.00204444 1.05924e-18 -0.0143111 -1.51319e-19 0.00204444 3.63166e-18 -0.0490667 -2.11847e-18 0.0286222 -2.18572e-19 0.00295309 1.05924e-18 -0.0143111 -2.11847e-18 0.0286222 -7.7341e-19 0.0104494 
 ue[3]=1.84889e-32 J0=40.5 W[i]=0.260417

 Ue= 1.248e-31
 Fint= 
-3.38271e-17 2.60209e-18 -2.34188e-17 -1.63931e-16 1.63931e-16 2.34188e-17 -2.34188e-17 -3.04444e-16 5.6205e-16 5.6205e-16 -3.27863e-16 3.747e-16 -3.38271e-17 7.02563e-17 1.63931e-16 -1.17094e-16 -3.27863e-16 -1.8735e-16 -1.19696e-16 -2.60209e-16 
 H= 
0.015 0.005 0.255 0.03375 0.178125 0.110625 -0.15 -0.0675 -0.30375 -0.10125 -0.17625 -0.04125 0.02875 0.02875 0.073125 -0.009375 0.0225 0.04125 0.0575 5.2977e-16 
0.005 0.015 0.1875 0.40875 -0.043125 0.024375 -0.015 -0.0975 -0.10125 -0.30375 -0.09375 -0.22875 -0.02875 -0.02875 0.091875 0.174375 -0.06 -0.07875 0.0575 0.115 
0.255 0.1875 0.995625 -0.10125 -0.945 0.523125 0.185625 -0.10125 -0.50625 -0.6075 0.016875 -0.135 -0.15 0.015 0.0675 0.084375 0.016875 0.135 0.06375 -1.59492e-15 
0.03375 0.40875 -0.10125 2.24437 -0.084375 -1.58625 0.10125 0.016875 -3.88578e-16 -1.31625 0.16875 -0.118125 0.0675 -0.0975 -0.219375 0.135 0.135 0.185625 -0.10125 0.1275 
0.178125 -0.043125 -0.945 -0.084375 0.691875 -0.405 0.0675 0.219375 -0.10125 0.405 0.286875 0.2025 0.073125 -0.091875 -0.118125 -1.02002e-15 0.084375 -0.2025 -0.2175 -1.58516e-15 
0.110625 0.024375 0.523125 -1.58625 -0.405 0.725625 -0.084375 0.135 -0.2025 0.70875 1.83881e-14 0.523125 0.009375 0.174375 4.16334e-15 -0.489375 0.10125 0.219375 -0.0525 -0.435 
-0.15 -0.015 0.185625 0.10125 0.0675 -0.084375 0.995625 0.10125 -0.50625 0.6075 0.016875 -0.135 0.255 -0.1875 -0.945 -0.523125 0.016875 0.135 0.06375 -1.58409e-15 
-0.0675 -0.0975 -0.10125 0.016875 0.219375 0.135 0.10125 2.24438 -6.10623e-16 -1.31625 -0.135 0.185625 -0.03375 0.40875 0.084375 -1.58625 -0.16875 -0.118125 0.10125 0.1275 
-0.30375 -0.10125 -0.50625 -3.88578e-16 -0.10125 -0.2025 -0.50625 -6.10623e-16 3.0375 -1.4011e-15 -0.405 0.70875 -0.30375 0.10125 -0.10125 0.2025 -0.405 -0.70875 -0.405 2.92821e-17 
-0.10125 -0.30375 -0.6075 -1.31625 0.405 0.70875 0.6075 -1.31625 -1.4011e-15 4.2525 0.10125 -0.81 0.10125 -0.30375 -0.405 0.70875 -0.10125 -0.81 5.21805e-17 -0.81 
-0.17625 -0.09375 0.016875 0.16875 0.286875 1.83881e-14 0.016875 -0.135 -0.405 0.10125 0.590625 -0.30375 0.0225 0.06 0.084375 -0.10125 -0.725625 0.30375 0.28875 3.16941e-15 
-0.04125 -0.22875 -0.135 -0.118125 0.2025 0.523125 -0.135 0.185625 0.70875 -0.81 -0.30375 0.219375 -0.04125 -0.07875 0.2025 0.219375 -0.30375 -0.489375 -0.15375 0.5775 
0.02875 -0.02875 -0.15 0.0675 0.073125 0.009375 0.255 -0.03375 -0.30375 0.10125 0.0225 -0.04125 0.015 -0.005 0.178125 -0.110625 -0.17625 0.04125 0.0575 5.31575e-16 
0.02875 -0.02875 0.015 -0.0975 -0.091875 0.174375 -0.1875 0.40875 0.10125 -0.30375 0.06 -0.07875 -0.005 0.015 0.043125 0.024375 0.09375 -0.22875 -0.0575 0.115 
0.073125 0.091875 0.0675 -0.219375 -0.118125 4.16334e-15 -0.945 0.084375 -0.10125 -0.405 0.084375 0.2025 0.178125 0.043125 0.691875 0.405 0.286875 -0.2025 -0.2175 -1.59237e-15 
-0.009375 0.174375 0.084375 0.135 -1.02002e-15 -0.489375 -0.523125 -1.58625 0.2025 0.70875 -0.10125 0.219375 -0.110625 0.024375 0.405 0.725625 2.20102e-14 0.523125 0.0525 -0.435 
0.0225 -0.06 0.016875 0.135 0.084375 0.10125 0.016875 -0.16875 -0.405 -0.10125 -0.725625 -0.30375 -0.17625 0.09375 0.286875 2.20102e-14 0.590625 0.30375 0.28875 3.16761e-15 
0.04125 -0.07875 0.135 0.185625 -0.2025 0.219375 0.135 -0.118125 -0.70875 -0.81 0.30375 -0.489375 0.04125 -0.22875 -0.2025 0.523125 0.30375 0.219375 0.15375 0.5775 
0.0575 0.0575 0.06375 -0.10125 -0.2175 -0.0525 0.06375 0.10125 -0.405 5.21805e-17 0.28875 -0.15375 0.0575 -0.0575 -0.2175 0.0525 0.28875 0.15375 0.02 -1.07111e-15 
5.2977e-16 0.115 -1.59492e-15 0.1275 -1.58516e-15 -0.435 -1.58409e-15 0.1275 2.92821e-17 -0.81 3.16941e-15 0.5775 5.31575e-16 0.115 -1.59237e-15 -0.435 3.16761e-15 0.5775 -1.07111e-15 0.04 


Iteração =X
Elemento =1
GRAU DO POLINOMIO =3
NUMERO DE NOS =10
Coordenadas Adimensionais dos Nós
0 Xsi[0][0]=0   Xsi[0][1]=0   
1 Xsi[1][0]=0.333333   Xsi[1][1]=0   
2 Xsi[2][0]=0   Xsi[2][1]=0.333333   
3 Xsi[3][0]=0.666667   Xsi[3][1]=0   
4 Xsi[4][0]=0.333333   Xsi[4][1]=0.333333   
5 Xsi[5][0]=0   Xsi[5][1]=0.666667   
6 Xsi[6][0]=1   Xsi[6][1]=0   
7 Xsi[7][0]=0.666667   Xsi[7][1]=0.333333   
8 Xsi[8][0]=0.333333   Xsi[8][1]=0.666667   
9 Xsi[9][0]=0   Xsi[9][1]=1   
Matriz dos Coeficientes das Funcoes de forma
1 0 0 0 0 0 0 0 0 0 
-5.5 9 0 -4.5 0 0 1 0 0 0 
-5.5 0 9 0 0 -4.5 0 0 0 1 
9 -22.5 0 18 0 0 -4.5 0 0 0 
18 -22.5 -22.5 4.5 27 4.5 0 -4.5 -4.5 0 
9 0 -22.5 0 0 18 0 0 0 -4.5 
-4.5 13.5 0 -13.5 0 0 4.5 0 0 0 
-13.5 27 13.5 -13.5 -27 0 0 13.5 0 0 
-13.5 13.5 27 0 -27 -13.5 0 0 13.5 0 
-4.5 0 13.5 0 0 -13.5 0 0 0 4.5 
Matriz dos Coeficientes das Derivadas direcionais das Funcoes de forma
C'0
-5.5 9 0 -4.5 0 0 1 0 0 0 
18 -45 0 36 0 0 -9 0 0 0 
18 -22.5 -22.5 4.5 27 4.5 0 -4.5 -4.5 0 
-13.5 40.5 0 -40.5 0 0 13.5 0 0 0 
-27 54 27 -27 -54 0 0 27 0 0 
-13.5 13.5 27 0 -27 -13.5 0 0 13.5 0 
C'1
-5.5 0 9 0 0 -4.5 0 0 0 1 
18 -22.5 -22.5 4.5 27 4.5 0 -4.5 -4.5 0 
18 0 -45 0 0 36 0 0 0 -9 
-13.5 27 13.5 -13.5 -27 0 0 13.5 0 0 
-27 27 54 0 -54 -27 0 0 27 0 
-13.5 0 40.5 0 0 -40.5 0 0 0 13.5 

Ponto de integracao No. =0
Valores das funcoes de forma no ponto de Integracao atual(PHI) :
0 0 0 0 1 0 0 0 0 0 
Valores das derivadas direcionais das funcoes de forma no ponto de Integracao atual(DPHI):
0.5 -1.5 -1.5 1.5 0 0 -0.5 1.5 0 0 
0.5 -1.5 -1.5 0 0 1.5 0 0 1.5 -0.5 
 X= 
7.5 4.5 
 J0= 40.5
 Y= 
7.5 4.5 
Matriz A1= 
-6.43041e-13 -4.5 
9 4.5 
 J1= 40.5
 A= 
1 0 
0 1 
 C= 
1 0 
0 1 
 E= 
0 0 0 0 
 S= 
0 0 0 0 
 CC= 
1 0 0 0 
0 1 0 0 
0 0 0.5 0.5 
0 0 0.5 0.5 
 fint= 0 0 0 0 0 0 0 0 0 0 0 0 0 0 0 0 0 0 0 0 
 h= 
0.00462963 -0.00154321 -0.0138889 0.00462963 -0.0138889 0.00462963 -0.00462963 0.00462963 0 0 0.0185185 -0.00925926 0.00154321 -0.00154321 -0.00462963 0.00462963 0.0185185 -0.00925926 -0.00617284 0.00308642 
-0.00154321 0.00462963 0.00462963 -0.0138889 0.00462963 -0.0138889 -0.00462963 0.00462963 0 0 6.61565e-16 0.00925926 0.00154321 -0.00154321 -0.00462963 0.00462963 6.61565e-16 0.00925926 -2.20522e-16 -0.00308642 
-0.0138889 0.00462963 0.0416667 -0.0138889 0.0416667 -0.0138889 0.0138889 -0.0138889 0 0 -0.0555556 0.0277778 -0.00462963 0.00462963 0.0138889 -0.0138889 -0.0555556 0.0277778 0.0185185 -0.00925926 
0.00462963 -0.0138889 -0.0138889 0.0416667 -0.0138889 0.0416667 0.0138889 -0.0138889 0 0 -1.98469e-15 -0.0277778 -0.00462963 0.00462963 0.0138889 -0.0138889 -1.98469e-15 -0.0277778 6.61565e-16 0.00925926 
-0.0138889 0.00462963 0.0416667 -0.0138889 0.0416667 -0.0138889 0.0138889 -0.0138889 0 0 -0.0555556 0.0277778 -0.00462963 0.00462963 0.0138889 -0.0138889 -0.0555556 0.0277778 0.0185185 -0.00925926 
0.00462963 -0.0138889 -0.0138889 0.0416667 -0.0138889 0.0416667 0.0138889 -0.0138889 0 0 -1.98469e-15 -0.0277778 -0.00462963 0.00462963 0.0138889 -0.0138889 -1.98469e-15 -0.0277778 6.61565e-16 0.00925926 
-0.00462963 -0.00462963 0.0138889 0.0138889 0.0138889 0.0138889 0.0416667 0.0138889 0 0 -0.0555556 -0.0277778 -0.0138889 -0.00462963 0.0416667 0.0138889 -0.0555556 -0.0277778 0.0185185 0.00925926 
0.00462963 0.00462963 -0.0138889 -0.0138889 -0.0138889 -0.0138889 0.0138889 0.0416667 0 0 -1.98469e-15 -0.0277778 -0.00462963 -0.0138889 0.0138889 0.0416667 -1.98469e-15 -0.0277778 6.61565e-16 0.00925926 
0 0 0 0 0 0 0 0 0 0 0 0 0 0 0 0 0 0 0 0 
0 0 0 0 0 0 0 0 0 0 0 0 0 0 0 0 0 0 0 0 
0.0185185 6.61565e-16 -0.0555556 -1.98469e-15 -0.0555556 -1.98469e-15 -0.0555556 -1.98469e-15 0 0 0.111111 3.96939e-15 0.0185185 6.61565e-16 -0.0555556 -1.98469e-15 0.111111 3.96939e-15 -0.037037 -1.32313e-15 
-0.00925926 0.00925926 0.0277778 -0.0277778 0.0277778 -0.0277778 -0.0277778 -0.0277778 0 0 3.96939e-15 0.0555556 0.00925926 0.00925926 -0.0277778 -0.0277778 3.96939e-15 0.0555556 -1.32313e-15 -0.0185185 
0.00154321 0.00154321 -0.00462963 -0.00462963 -0.00462963 -0.00462963 -0.0138889 -0.00462963 0 0 0.0185185 0.00925926 0.00462963 0.00154321 -0.0138889 -0.00462963 0.0185185 0.00925926 -0.00617284 -0.00308642 
-0.00154321 -0.00154321 0.00462963 0.00462963 0.00462963 0.00462963 -0.00462963 -0.0138889 0 0 6.61565e-16 0.00925926 0.00154321 0.00462963 -0.00462963 -0.0138889 6.61565e-16 0.00925926 -2.20522e-16 -0.00308642 
-0.00462963 -0.00462963 0.0138889 0.0138889 0.0138889 0.0138889 0.0416667 0.0138889 0 0 -0.0555556 -0.0277778 -0.0138889 -0.00462963 0.0416667 0.0138889 -0.0555556 -0.0277778 0.0185185 0.00925926 
0.00462963 0.00462963 -0.0138889 -0.0138889 -0.0138889 -0.0138889 0.0138889 0.0416667 0 0 -1.98469e-15 -0.0277778 -0.00462963 -0.0138889 0.0138889 0.0416667 -1.98469e-15 -0.0277778 6.61565e-16 0.00925926 
0.0185185 6.61565e-16 -0.0555556 -1.98469e-15 -0.0555556 -1.98469e-15 -0.0555556 -1.98469e-15 0 0 0.111111 3.96939e-15 0.0185185 6.61565e-16 -0.0555556 -1.98469e-15 0.111111 3.96939e-15 -0.037037 -1.32313e-15 
-0.00925926 0.00925926 0.0277778 -0.0277778 0.0277778 -0.0277778 -0.0277778 -0.0277778 0 0 3.96939e-15 0.0555556 0.00925926 0.00925926 -0.0277778 -0.0277778 3.96939e-15 0.0555556 -1.32313e-15 -0.0185185 
-0.00617284 -2.20522e-16 0.0185185 6.61565e-16 0.0185185 6.61565e-16 0.0185185 6.61565e-16 0 0 -0.037037 -1.32313e-15 -0.00617284 -2.20522e-16 0.0185185 6.61565e-16 -0.037037 -1.32313e-15 0.0123457 4.41043e-16 
0.00308642 -0.00308642 -0.00925926 0.00925926 -0.00925926 0.00925926 0.00925926 0.00925926 0 0 -1.32313e-15 -0.0185185 -0.00308642 -0.00308642 0.00925926 0.00925926 -1.32313e-15 -0.0185185 4.41043e-16 0.00617284 
 ue[0]=0 J0=40.5 W[i]=-0.28125

Ponto de integracao No. =1
Valores das funcoes de forma no ponto de Integracao atual(PHI) :
0.056 -0.216 -0.072 0.432 0.648 -0.072 -0.048 0.432 -0.216 0.056 
Valores das derivadas direcionais das funcoes de forma no ponto de Integracao atual(DPHI):
0.26 -0.9 -0.18 0.18 -2.16 0.36 0.46 2.34 -0.36 0 
0.26 -0.54 -0.54 -2.16 0 0.54 0 2.16 0.54 -0.26 
 X= 
8.1 6.3 
 J0= 40.5
 Y= 
8.1 6.3 
Matriz A1= 
2.66454e-14 -4.5 
9 4.5 
 J1= 40.5
 A= 
1 -3.9443e-31 
0 1 
 C= 
1 -3.9443e-31 
-3.9443e-31 1 
 E= 
0 0 -1.97215e-31 -1.97215e-31 
 S= 
0 0 -1.97215e-31 -1.97215e-31 
 CC= 
1 0 0 0 
0 1 0 0 
0 0 0.5 0.5 
0 0 0.5 0.5 
 fint= -5.69733e-33 5.69733e-33 1.97215e-32 -3.9443e-33 3.9443e-33 -1.97215e-32 -3.9443e-33 -9.86076e-32 4.73317e-32 4.73317e-32 -7.88861e-33 1.57772e-32 -1.00799e-32 -1.00799e-32 -5.1276e-32 4.33873e-32 7.88861e-33 3.15544e-32 3.3735e-47 -1.13947e-32 
 h= 
0.00125185 -0.000417284 -0.00202222 0.000288889 -0.00317778 0.00144444 -0.0141556 0.00722222 0.00346667 -0.00346667 0.00288889 -0.00115556 -0.000738272 0.000738272 0.0101111 -0.00317778 0.00404444 -0.00231111 -0.00166914 0.000834568 
-0.000417284 0.00125185 0.00144444 -0.00317778 0.000288889 -0.00202222 -0.000288889 -0.00664444 0.00346667 -0.00346667 -0.000577778 0.00231111 -0.000738272 0.000738272 -0.00375556 0.0106889 0.000577778 0.00115556 2.47082e-18 -0.000834568 
-0.00202222 0.00144444 0.0054 -0.001 0.003 -0.005 0.009 -0.025 0.0072 0.012 -0.0036 0.004 -0.00153333 -0.00255556 -0.0174 0.011 -0.0012 0.008 0.00115556 -0.00288889 
0.000288889 -0.00317778 -0.001 0.0102 -0.0002 0.003 0.0002 0.003 -0.0024 0.0216 0.0004 -0.0048 0.000511111 -0.0046 0.0026 -0.0282 -0.0004 0.0024 -1.71057e-18 0.000577778 
-0.00317778 0.000288889 0.003 -0.0002 0.0102 -0.001 0.0498 -0.005 -0.0216 0.0024 -0.0084 0.0008 0.0046 -0.000511111 -0.0246 0.0022 -0.0156 0.0016 0.00577778 -0.000577778 
0.00144444 -0.00202222 -0.005 0.003 -0.001 0.0054 0.001 0.0246 -0.012 -0.0072 0.002 -0.0048 0.00255556 0.00153333 0.013 -0.0162 -0.002 -0.0072 -8.55283e-18 0.00288889 
-0.0141556 -0.000288889 0.009 0.0002 0.0498 0.001 0.2502 0.005 -0.1224 -0.0024 -0.0396 -0.0008 0.0260667 0.000511111 -0.1074 -0.0022 -0.0804 -0.0016 0.0288889 0.000577778 
0.00722222 -0.00664444 -0.025 0.003 -0.005 0.0246 0.005 0.1254 -0.06 -0.0648 0.01 -0.0192 0.0127778 0.0138 0.065 -0.0498 -0.01 -0.0408 -4.27641e-17 0.0144444 
0.00346667 0.00346667 0.0072 -0.0024 -0.0216 -0.012 -0.1224 -0.06 0.0864 0.0288 0.0144 0.0096 -0.0184 -0.00613333 0.0216 0.0264 0.0432 0.0192 -0.0138667 -0.00693333 
-0.00346667 -0.00346667 0.012 0.0216 0.0024 -0.0072 -0.0024 -0.0648 0.0288 0.0864 -0.0048 5.0307e-17 -0.00613333 -0.0184 -0.0312 -0.036 0.0048 0.0288 2.05268e-17 -0.00693333 
0.00288889 -0.000577778 -0.0036 0.0004 -0.0084 0.002 -0.0396 0.01 0.0144 -0.0048 0.0072 -0.0016 -0.00306667 0.00102222 0.0228 -0.0044 0.012 -0.0032 -0.00462222 0.00115556 
-0.00115556 0.00231111 0.004 -0.0048 0.0008 -0.0048 -0.0008 -0.0192 0.0096 5.0307e-17 -0.0016 0.0048 -0.00204444 -1.04083e-17 -0.0104 0.0192 0.0016 0.0048 6.84226e-18 -0.00231111 
-0.000738272 -0.000738272 -0.00153333 0.000511111 0.0046 0.00255556 0.0260667 0.0127778 -0.0184 -0.00613333 -0.00306667 -0.00204444 0.00391852 0.00130617 -0.0046 -0.00562222 -0.0092 -0.00408889 0.00295309 0.00147654 
0.000738272 0.000738272 -0.00255556 -0.0046 -0.000511111 0.00153333 0.000511111 0.0138 -0.00613333 -0.0184 0.00102222 -1.04083e-17 0.00130617 0.00391852 0.00664444 0.00766667 -0.00102222 -0.00613333 -4.37145e-18 0.00147654 
0.0101111 -0.00375556 -0.0174 0.0026 -0.0246 0.013 -0.1074 0.065 0.0216 -0.0312 0.0228 -0.0104 -0.0046 0.00664444 0.0822 -0.0286 0.03 -0.0208 -0.0127111 0.00751111 
-0.00317778 0.0106889 0.011 -0.0282 0.0022 -0.0162 -0.0022 -0.0498 0.0264 -0.036 -0.0044 0.0192 -0.00562222 0.00766667 -0.0286 0.0918 0.0044 0.0072 1.88162e-17 -0.00635556 
0.00404444 0.000577778 -0.0012 -0.0004 -0.0156 -0.002 -0.0804 -0.01 0.0432 0.0048 0.012 0.0016 -0.0092 -0.00102222 0.03 0.0044 0.0264 0.0032 -0.00924444 -0.00115556 
-0.00231111 0.00115556 0.008 0.0024 0.0016 -0.0072 -0.0016 -0.0408 0.0192 0.0288 -0.0032 0.0048 -0.00408889 -0.00613333 -0.0208 0.0072 0.0032 0.0144 1.36845e-17 -0.00462222 
-0.00166914 2.47082e-18 0.00115556 -1.71057e-18 0.00577778 -8.55283e-18 0.0288889 -4.27641e-17 -0.0138667 2.05268e-17 -0.00462222 6.84226e-18 0.00295309 -4.37145e-18 -0.0127111 1.88162e-17 -0.00924444 1.36845e-17 0.00333827 -4.94163e-18 
0.000834568 -0.000834568 -0.00288889 0.000577778 -0.000577778 0.00288889 0.000577778 0.0144444 -0.00693333 -0.00693333 0.00115556 -0.00231111 0.00147654 0.00147654 0.00751111 -0.00635556 -0.00115556 -0.00462222 -4.94163e-18 0.00166914 
 ue[1]=3.88938e-62 J0=40.5 W[i]=0.260417

Ponto de integracao No. =2
Valores das funcoes de forma no ponto de Integracao atual(PHI) :
-0.048 0.432 0.432 -0.216 0.648 -0.216 0.056 -0.072 -0.072 0.056 
Valores das derivadas direcionais das funcoes de forma no ponto de Integracao atual(DPHI):
-0.46 -0.18 -2.34 0.9 2.16 0.36 -0.26 0.18 -0.36 0 
-0.46 -2.34 -0.18 0.36 2.16 0.9 0 -0.36 0.18 -0.26 
 X= 
8.1 2.7 
 J0= 40.5
 Y= 
8.1 2.7 
Matriz A1= 
1.42109e-14 -4.5 
9 4.5 
 J1= 40.5
 A= 
1 1.97215e-31 
0 1 
 C= 
1 1.97215e-31 
1.97215e-31 1 
 E= 
-1.11022e-16 -1.11022e-16 9.86076e-32 9.86076e-32 
 S= 
-1.11022e-16 -1.11022e-16 9.86076e-32 9.86076e-32 
 CC= 
1 0 0 0 
0 1 0 0 
0 0 0.5 0.5 
0 0 0.5 0.5 
 fint= -5.67447e-18 5.67447e-18 -5.55112e-17 2.22045e-18 2.44249e-17 2.88658e-17 -2.22045e-18 -1.11022e-17 2.66454e-17 -2.66454e-17 1.77636e-17 -4.44089e-18 3.20731e-18 3.20731e-18 -1.11022e-17 -2.22045e-18 8.88178e-18 4.44089e-18 -6.41462e-18 1.58259e-32 
 h= 
0.00391852 -0.00130617 0.0260667 -0.0127778 -0.0046 0.00562222 -0.00153333 -0.000511111 -0.0184 0.00613333 -0.0092 0.00408889 -0.000738272 0.000738272 0.0046 -0.00255556 -0.00306667 0.00204444 0.00295309 -0.00147654 
-0.00130617 0.00391852 -0.000511111 0.0138 -0.00664444 0.00766667 0.00255556 -0.0046 0.00613333 -0.0184 0.00102222 -0.00613333 -0.000738272 0.000738272 0.000511111 0.00153333 -0.00102222 -1.23498e-17 -2.33144e-18 0.00147654 
0.0260667 -0.000511111 0.2502 -0.005 -0.1074 0.0022 0.009 -0.0002 -0.1224 0.0024 -0.0804 0.0016 -0.0141556 0.000288889 0.0498 -0.001 -0.0396 0.0008 0.0288889 -0.000577778 
-0.0127778 0.0138 -0.005 0.1254 -0.065 -0.0498 0.025 0.003 0.06 -0.0648 0.01 -0.0408 -0.00722222 -0.00664444 0.005 0.0246 -0.01 -0.0192 -2.28075e-17 0.0144444 
-0.0046 -0.00664444 -0.1074 -0.065 0.0822 0.0286 -0.0174 -0.0026 0.0216 0.0312 0.03 0.0208 0.0101111 0.00375556 -0.0246 -0.013 0.0228 0.0104 -0.0127111 -0.00751111 
0.00562222 0.00766667 0.0022 -0.0498 0.0286 0.0918 -0.011 -0.0282 -0.0264 -0.036 -0.0044 0.0072 0.00317778 0.0106889 -0.0022 -0.0162 0.0044 0.0192 1.00353e-17 -0.00635556 
-0.00153333 0.00255556 0.009 0.025 -0.0174 -0.011 0.0054 0.001 0.0072 -0.012 -0.0012 -0.008 -0.00202222 -0.00144444 0.003 0.005 -0.0036 -0.004 0.00115556 0.00288889 
-0.000511111 -0.0046 -0.0002 0.003 -0.0026 -0.0282 0.001 0.0102 0.0024 0.0216 0.0004 0.0024 -0.000288889 -0.00317778 0.0002 0.003 -0.0004 -0.0048 -9.12302e-19 0.000577778 
-0.0184 0.00613333 -0.1224 0.06 0.0216 -0.0264 0.0072 0.0024 0.0864 -0.0288 0.0432 -0.0192 0.00346667 -0.00346667 -0.0216 0.012 0.0144 -0.0096 -0.0138667 0.00693333 
0.00613333 -0.0184 0.0024 -0.0648 0.0312 -0.036 -0.012 0.0216 -0.0288 0.0864 -0.0048 0.0288 0.00346667 -0.00346667 -0.0024 -0.0072 0.0048 2.14856e-17 1.09476e-17 -0.00693333 
-0.0092 0.00102222 -0.0804 0.01 0.03 -0.0044 -0.0012 0.0004 0.0432 -0.0048 0.0264 -0.0032 0.00404444 -0.000577778 -0.0156 0.002 0.012 -0.0016 -0.00924444 0.00115556 
0.00408889 -0.00613333 0.0016 -0.0408 0.0208 0.0072 -0.008 0.0024 -0.0192 0.0288 -0.0032 0.0144 0.00231111 0.00115556 -0.0016 -0.0072 0.0032 0.0048 7.29841e-18 -0.00462222 
-0.000738272 -0.000738272 -0.0141556 -0.00722222 0.0101111 0.00317778 -0.00202222 -0.000288889 0.00346667 0.00346667 0.00404444 0.00231111 0.00125185 0.000417284 -0.00317778 -0.00144444 0.00288889 0.00115556 -0.00166914 -0.000834568 
0.000738272 0.000738272 0.000288889 -0.00664444 0.00375556 0.0106889 -0.00144444 -0.00317778 -0.00346667 -0.00346667 -0.000577778 0.00115556 0.000417284 0.00125185 -0.000288889 -0.00202222 0.000577778 0.00231111 1.31777e-18 -0.000834568 
0.0046 0.000511111 0.0498 0.005 -0.0246 -0.0022 0.003 0.0002 -0.0216 -0.0024 -0.0156 -0.0016 -0.00317778 -0.000288889 0.0102 0.001 -0.0084 -0.0008 0.00577778 0.000577778 
-0.00255556 0.00153333 -0.001 0.0246 -0.013 -0.0162 0.005 0.003 0.012 -0.0072 0.002 -0.0072 -0.00144444 -0.00202222 0.001 0.0054 -0.002 -0.0048 -4.56151e-18 0.00288889 
-0.00306667 -0.00102222 -0.0396 -0.01 0.0228 0.0044 -0.0036 -0.0004 0.0144 0.0048 0.012 0.0032 0.00288889 0.000577778 -0.0084 -0.002 0.0072 0.0016 -0.00462222 -0.00115556 
0.00204444 -1.23498e-17 0.0008 -0.0192 0.0104 0.0192 -0.004 -0.0048 -0.0096 2.14856e-17 -0.0016 0.0048 0.00115556 0.00231111 -0.0008 -0.0048 0.0016 0.0048 3.64921e-18 -0.00231111 
0.00295309 -2.33144e-18 0.0288889 -2.28075e-17 -0.0127111 1.00353e-17 0.00115556 -9.12302e-19 -0.0138667 1.09476e-17 -0.00924444 7.29841e-18 -0.00166914 1.31777e-18 0.00577778 -4.56151e-18 -0.00462222 3.64921e-18 0.00333827 -2.63554e-18 
-0.00147654 0.00147654 -0.000577778 0.0144444 -0.00751111 -0.00635556 0.00288889 0.000577778 0.00693333 -0.00693333 0.00115556 -0.00462222 -0.000834568 -0.000834568 0.000577778 0.00288889 -0.00115556 -0.00231111 -2.63554e-18 0.00166914 
 ue[2]=1.2326e-32 J0=40.5 W[i]=0.260417

Ponto de integracao No. =3
Valores das funcoes de forma no ponto de Integracao atual(PHI) :
0.056 -0.072 -0.216 -0.072 0.648 0.432 0.056 -0.216 0.432 -0.048 
Valores das derivadas direcionais das funcoes de forma no ponto de Integracao atual(DPHI):
0.26 -0.54 -0.54 0.54 0 -2.16 -0.26 0.54 2.16 0 
0.26 -0.18 -0.9 0.36 -2.16 0.18 0 -0.36 2.34 0.46 
 X= 
6.3 4.5 
 J0= 40.5
 Y= 
6.3 4.5 
Matriz A1= 
-3.55271e-15 -4.5 
9 4.5 
 J1= 40.5
 A= 
1 0 
2.22045e-16 1 
 C= 
1 2.22045e-16 
2.22045e-16 1 
 E= 
0 0 1.11022e-16 1.11022e-16 
 S= 
0 0 1.11022e-16 1.11022e-16 
 CC= 
1 0 0 0 
0 1 0 0 
0 0 0.5 0.5 
0 0 0.5 0.5 
 fint= 3.20731e-18 -3.20731e-18 -6.66134e-18 -2.22045e-18 -6.66134e-18 1.55431e-17 6.66134e-18 -2.22045e-18 2.10363e-32 5.32907e-17 -2.66454e-17 -3.10862e-17 -3.20731e-18 -3.20731e-18 6.66134e-18 1.55431e-17 2.66454e-17 -3.10862e-17 -4.47995e-33 -1.13489e-17 
 h= 
0.00125185 -0.000417284 -0.000288889 -0.000288889 -0.00491111 0.00202222 0.00144444 -0.000288889 -0.0138667 0.00693333 0.00462222 -0.00404444 0.000417284 -0.000417284 -0.00317778 0.00202222 0.0115556 -0.00404444 0.00295309 -0.00147654 
